# GIMP colorrc
# 
# This file holds a list of recently used colors.

(color-history
    (color-rgba 0.13822076501321348 0.55385761876260076 0.40472162744913653 1)
    (color-rgba 0.12521803182764538 0.62770343083207325 0.44740503470800858 1)
    (color-rgba 0.11781974453258014 0.69607314243111551 0.48858818784146424 1)
    (color-rgba 0.11644405710637702 0.75383181554869516 0.52512867156888365 1)
    (color-rgba 0.11370308887904686 0.83525431466368494 0.57635220728289571 1)
    (color-rgba 0.1421126724231534 0.1784054427841838 0.80585935416888865 1)
    (color-rgba 0.80272461711496546 0.22981785805583316 0.54827843014103972 1)
    (color-rgba 0.22981785805583316 0.23016430190274809 0.80272461711496546 1)
    (color-rgba 0.80272461711496546 0.22981785805583316 0.61189515548837659 1)
    (color-rgba 0.22981785805583316 0.38784300221406454 0.80272461711496546 1)
    (color-rgba 0.081942116683376282 0.082853821944891423 0.085247426793195191 1)
    (color-rgba 0.042115190012171427 0.23262560033719204 0.73279452669447753 1)
    (color-rgba 0.73279452669447753 0.042115190012171427 0.40768983365236944 1)
    (color-rgba 0.042115190012171427 0.24002118012742482 0.73279452669447753 1)
    (color-rgba 0.73279452669447753 0.042115190012171427 0.44905009475432717 1)
    (color-rgba 0.087891288425611447 0.083722325890549745 0.086178597972219523 1)
    (color-rgba 0.9070909472479336 0.060994972325911841 0.55949835395521608 1)
    (color-rgba 0.13653818766276038 0.13653818766276038 0.13653818766276038 1)
    (color-rgba 0.038661874857630209 0.32087809423595159 0.92209484266198194 1)
    (color-rgba 0.92209484266198194 0.038661874857630209 0.51677101241223034 1)
    (color-rgba 0.21333721601057026 0.23089654794905701 0.23528638093367871 1)
    (color-rgba 0.18478508665936225 0.20406527168638064 0.20888531794313525 1)
    (color-rgba 0.096713578360590371 0.71646178995455645 0.87139884285304858 1)
    (color-rgba 1 1 1 1)
    (color-rgba 0.19387408703748968 0.21405322777186783 0.21909801295546238 1)
    (color-rgba 0.21576275675025405 0.23709396160235613 0.24242676281538167 1)
    (color-rgba 0.24344345522018612 0.26731987260461609 0.27328897695072363 1)
    (color-rgba 0.26424576397646649 0.29199560114954537 0.29893306044281509 1)
    (color-rgba 0.33208951227543176 0.36725898691973796 0.37605135558081459 1)
    (color-rgba 0.41176470588235292 0.41176470588235292 0.41176470588235292 1)
    (color-rgba 0.61176470588235299 0.61176470588235299 0.61176470588235299 1)
    (color-rgba 0 0 0 1)
    (color-rgba 0.70980392156862748 0.70980392156862748 0.70980392156862748 1)
    (color-rgba 0.14509803921568629 0.074509803921568626 0.0039215686274509803 1)
    (color-rgba 0.45157328760901161 0.23576967301313342 0.019966058417255177 1)
    (color-rgba 0.68627450980392157 0.68627450980392157 0.68627450980392157 1)
    (color-rgba 0.12941176470588237 0.14117647058823529 0.14509803921568629 1)
    (color-rgba 0.3170205759447674 0.16963097988510581 0.022241383825444161 1)
    (color-rgba 0.52037635144065875 0.17345122115868603 0.61109473155095029 1)
    (color-rgba 0.12919687774550215 0.71821495202871466 0.42806624692686235 1)
    (color-rgba 0.76479015432202258 0.11392644335207615 0.4143407385863217 1)
    (color-rgba 0.74179890116707226 0.11236219695727917 0.1750149630036642 1)
    (color-rgba 0.26651831162030226 0.73965333750550177 0.068067873891318895 1)
    (color-rgba 0.19127334876000696 0.38345841226471983 0.4979163801166373 1)
    (color-rgba 0.17026874762391447 0.49789350281296102 0.69301409654214341 1)
    (color-rgba 0.27267688160211268 0.075690686736433171 0.075690686736433171 1)
    (color-rgba 0.741851806640625 0.37305384992057511 0.37305384992057511 1))

# end of colorrc
