# GIMP colorrc
# 
# This file holds a list of recently used colors.

(color-history
    (color-rgba 1 1 1 1)
    (color-rgba 0.59493670886075956 0.048994787788533167 0.048994787788533167 1)
    (color-rgba 0.36202531645569624 0.043655994043186909 0.043655994043186909 1)
    (color-rgba 0.18075111948071768 0.58227848101265822 0.1250186150409531 1)
    (color-rgba 0.098734177215189844 0.098734177215189844 0.098734177215189844 1)
    (color-rgba 0.17482015713668336 0.64347826086956528 0.10976982097186698 1)
    (color-rgba 0.096807114739757935 0.42105263157894735 0.051801427859870498 1)
    (color-rgba 0.024817148299937978 0.40048415273163052 0.78670360110803328 1)
    (color-rgba 0 0 0 1)
    (color-rgba 0.75051975051975051 0.22728673832774779 0.22728673832774779 1)
    (color-rgba 0.22352941334247589 0.22352941334247589 0.22352941334247589 1)
    (color-rgba 0.22160148975791438 0.22160148975791438 0.22160148975791438 1)
    (color-rgba 0.84313726425170898 0.10980392247438432 0.50673290977036456 1)
    (color-rgba 0.10980392247438431 0.81176471710205078 0.84313726425170898 1)
    (color-rgba 0.027450980618596077 0.21176470816135406 0.25882354378700256 1)
    (color-rgba 0.11163922812838688 0.81314703672235433 0.8426103646833013 1)
    (color-rgba 0.8426103646833013 0.11163922812838688 0.54096200698789509 1)
    (color-rgba 1 1 1 4.6590810555290356e-310)
    (color-rgba 0.17304378948419799 0.54681315671384323 0.78364116094986813 1)
    (color-rgba 0.77372262773722622 0.5818316052300806 0.24273651066265919 1)
    (color-rgba 0.56447688564476883 0.45076587644043176 0.24982450401085007 1)
    (color-rgba 0.84405940594059403 0.5833400259513507 0.12261673802515388 1)
    (color-rgba 0.85430463576158944 0.2020315017003759 0.2020315017003759 1)
    (color-rgba 0.59455108642578125 1.0071666240692139 0.46211320161819458 1)
    (color-rgba 0.93333333333333335 0.90980392156862744 0.83529411764705885 1)
    (color-rgba 0.35260115606936415 0.1250781127948758 0.16453297579045187 1)
    (color-rgba 0.35256209967192625 0.40489202825064369 0.44219653179190754 1)
    (color-rgba 0.59808612440191389 0.29096081727660678 0.29096081727660678 1)
    (color-rgba 0.25742574257425743 0.17916731798949226 0.040875033449290873 1)
    (color-rgba 0.35643564356435642 0.26417918752003638 0.10115065560610115 1)
    (color-rgba 0.67574257425742568 0.51156488533185662 0.22144266791544021 1)
    (color-rgba 0.1738199437919441 0.26980198019801982 0.0519551110516457 1)
    (color-rgba 0.53818172392341201 0.58917165656312431 0.80051150895140666 1)
    (color-rgba 0.11457109283196242 0.19371372929696065 0.52173913043478259 1)
    (color-rgba 0.39386189258312021 0.33213295025259892 0.26479228589203019 1)
    (color-rgba 0.20272404945941883 0.3529411764705882 0.094197138314785364 1)
    (color-rgba 0.3529411764705882 0.18154806679705124 0.094197138314785364 1)
    (color-rgba 0.16470588743686676 0.29411765933036804 0.67058825492858887 1)
    (color-rgba 0.68355567844058884 0.71739227666386685 0.81585677749360608 1)
    (color-rgba 0.16525540886154694 0.2943657202378035 0.67007672634271098 1)
    (color-rgba 0.20582861038182504 0.33759590792838878 0.11063109144950579 1)
    (color-rgba 0.26342710997442453 0.18272330961530403 0.12192403400843298 1)
    (color-rgba 0.34782608695652173 0.20708599180744183 0.10105757931844889 1)
    (color-rgba 0.78961038961038965 0.18398688689950826 0.41050580739396791 1)
    (color-rgba 0.94805194805194803 0.90203000882612538 0.91924340947162786 1)
    (color-rgba 0.89610389610389607 0.78880342958012861 0.82893659108512219 1)
    (color-rgba 0.97407407407407409 0.92048423828359105 0.93537030378094743 1)
    (color-rgba 0.24476434921697726 0.72030651340996177 0.44063122080537503 1)
    (color-rgba 0.10535422474286266 0.54257425742574261 0.28543693127363323 1)
    (color-rgba 0.20827271740310496 0.43955449178602296 0.72185430463576161 1)
    (color-rgba 0.39574905725059994 0.67576162362401127 1 1)
    (color-rgba 0 0.029324668080213279 1 1)
    (color-rgba 1 0.88417839800558362 0.8006239168110918 1)
    (color-rgba 1 0.6041688018069824 0.31861351819757366 1)
    (color-rgba 1 0.76470588235294112 0.76470588235294112 1)
    (color-rgba 1 0.95532741398446175 0.95532741398446175 1)
    (color-rgba 1 0.42175360710321863 0.42175360710321863 1)
    (color-rgba 1 0 0 1)
    (color-rgba 0.56465517241379315 0.56465517241379315 0.56465517241379315 1)
    (color-rgba 0.035294117647058823 0 0 0)
    (color-rgba 0.0078431372549019607 0 0 4.6395055176702539e-310)
    (color-rgba 0 0 0 4.6395055176702539e-310))

# end of colorrc
