# GIMP colorrc
# 
# This file holds a list of recently used colors.

(color-history
    (color-rgba 0.011764706112444401 0.011764706112444401 0.011764706112444401 1)
    (color-rgba 0.99607843160629272 0.99607843160629272 0.99607843160629272 1)
    (color-rgba 0.99215686321258545 0.99215686321258545 0.99215686321258545 1)
    (color-rgba 0 0 0 1)
    (color-rgba 0.0039215688593685627 0.0039215688593685627 0.0039215688593685627 1)
    (color-rgba 0.98823529481887817 0.98823529481887817 0.98823529481887817 1)
    (color-rgba 1 1 1 1)
    (color-rgba 0.015686275437474251 0.015686275437474251 0.015686275437474251 1)
    (color-rgba 0.80784313725490198 0.090196078431372548 0.090196078431372548 1)
    (color-rgba 0.97647058963775635 0.97647058963775635 0.97647058963775635 1)
    (color-rgba 0.019607843831181526 0.019607843831181526 0.019607843831181526 1)
    (color-rgba 0.070588238537311554 0.070588238537311554 0.070588238537311554 1)
    (color-rgba 0.24313725531101227 0.24313725531101227 0.24313725531101227 1)
    (color-rgba 0.13725490868091583 0.13725490868091583 0.13725490868091583 1)
    (color-rgba 0.12549020349979401 0.12549020349979401 0.12549020349979401 1)
    (color-rgba 0.59215688705444336 0.59215688705444336 0.59215688705444336 1)
    (color-rgba 0.066666670143604279 0.066666670143604279 0.066666670143604279 1)
    (color-rgba 0.58039218187332153 0.58039218187332153 0.58039218187332153 1)
    (color-rgba 0.035294119268655777 0.035294119268655777 0.035294119268655777 1)
    (color-rgba 0.098039217293262482 0.098039217293262482 0.098039217293262482 1)
    (color-rgba 0.062745101749897003 0.062745101749897003 0.062745101749897003 1)
    (color-rgba 0.21722846441947566 0.21722846441947566 0.21722846441947566 1)
    (color-rgba 0.047058824449777603 0.047058824449777603 0.047058824449777603 1)
    (color-rgba 0.039215687662363052 0.039215687662363052 0.039215687662363052 1)
    (color-rgba 0.054901961237192154 0.054901961237192154 0.054901961237192154 1)
    (color-rgba 0.70588237047195435 0.70588237047195435 0.70588237047195435 1)
    (color-rgba 0.98039215803146362 0.98039215803146362 0.98039215803146362 1)
    (color-rgba 0.41960784792900085 0.41960784792900085 0.41960784792900085 1)
    (color-rgba 0.29019609093666077 0.29019609093666077 0.29019609093666077 1)
    (color-rgba 0.22745098173618317 0.22745098173618317 0.22745098173618317 1)
    (color-rgba 0.21568627655506134 0.21568627655506134 0.21568627655506134 1)
    (color-rgba 0.29803922772407532 0.29803922772407532 0.29803922772407532 1)
    (color-rgba 0.11764705926179886 0.11764705926179886 0.11764705926179886 1)
    (color-rgba 0.80784314870834351 0.80784314870834351 0.80784314870834351 1)
    (color-rgba 0.14117647707462311 0.14117647707462311 0.14117647707462311 1)
    (color-rgba 0.43921568989753723 0.43921568989753723 0.43921568989753723 1)
    (color-rgba 0.87058824300765991 0.87058824300765991 0.87058824300765991 1)
    (color-rgba 0.73725491762161255 0.73725491762161255 0.73725491762161255 1)
    (color-rgba 0.13333334028720856 0.13333334028720856 0.13333334028720856 1)
    (color-rgba 0.15294118225574493 0.15294118225574493 0.15294118225574493 1)
    (color-rgba 0.9686274528503418 0.9686274528503418 0.9686274528503418 1)
    (color-rgba 0.18431372940540314 0.18431372940540314 0.18431372940540314 1)
    (color-rgba 0.0078431377187371254 0.0078431377187371254 0.0078431377187371254 1)
    (color-rgba 0.058823529630899429 0.058823529630899429 0.058823529630899429 1)
    (color-rgba 0.25098040699958801 0.25098040699958801 0.25098040699958801 1)
    (color-rgba 0.93725490570068359 0.93725490570068359 0.93725490570068359 1)
    (color-rgba 0.61960786581039429 0.61960786581039429 0.61960786581039429 1)
    (color-rgba 0.92549020051956177 0.92549020051956177 0.92549020051956177 1)
    (color-rgba 0.65882354974746704 0.65882354974746704 0.65882354974746704 1)
    (color-rgba 0.10588235408067703 0.10588235408067703 0.10588235408067703 1)
    (color-rgba 0.21960784494876862 0 0.015686275437474251 1)
    (color-rgba 0.090196080505847931 0 0.10588235408067703 1)
    (color-rgba 0.86669375392457426 0.72799468104753806 0.78347431019835267 1)
    (color-rgba 0.90980392694473267 0.61568629741668701 0.73333334922790527 1)
    (color-rgba 0.88235294818878174 0.53333336114883423 0.65098041296005249 1)
    (color-rgba 0.85490196943283081 0.50196081399917603 0.62352943420410156 1)
    (color-rgba 0.90588235855102539 0.69019609689712524 0.66274511814117432 1)
    (color-rgba 0.4521494087744502 0.32095627509485397 0.37282331877821984 1)
    (color-rgba 0.40170184550779092 0.29097137805282353 0.3347485318678447 1)
    (color-rgba 0.58039218187332153 0.4117647111415863 0.47843137383460999 1)
    (color-rgba 0.67058825492858887 0.48627451062202454 0.55686277151107788 1)
    (color-rgba 0.50171289645264672 0.3945924043172358 0.43687680065110357 1)
    (color-rgba 0.62745100259780884 0.42745098471641541 0.50196081399917603 1)
    (color-rgba 0.55294120311737061 0.4117647111415863 0.46666666865348816 1)
    (color-rgba 0.53333336114883423 0.40000000596046448 0.46274510025978088 1)
    (color-rgba 0.55294120311737061 0.40784314274787903 0.47450980544090271 1)
    (color-rgba 0.53333336114883423 0.40784314274787903 0.46666666865348816 1)
    (color-rgba 0.64705884456634521 0.35686275362968445 0.45490196347236633 1)
    (color-rgba 0.051792828685258967 0.051792828685258967 0.051792828685258967 1)
    (color-rgba 0.63921570777893066 0.63921570777893066 0.63921570777893066 1)
    (color-rgba 0.54509806632995605 0.54509806632995605 0.54509806632995605 1)
    (color-rgba 0.45490196347236633 0.45490196347236633 0.45490196347236633 1)
    (color-rgba 0.73333334922790527 0.73333334922790527 0.73333334922790527 1)
    (color-rgba 0.12941177189350128 0.12941177189350128 0.12941177189350128 1)
    (color-rgba 0.7607843279838562 0.7607843279838562 0.7607843279838562 1)
    (color-rgba 0.67843139171600342 0.67843139171600342 0.67843139171600342 1)
    (color-rgba 0.49803921580314636 0.49803921580314636 0.49803921580314636 1)
    (color-rgba 0.9843137264251709 0.9843137264251709 0.9843137264251709 1)
    (color-rgba 0.20392157137393951 0.20392157137393951 0.20392157137393951 1)
    (color-rgba 0.42352941632270813 0.42352941632270813 0.42352941632270813 1)
    (color-rgba 0.25882354378700256 0.25882354378700256 0.25882354378700256 1)
    (color-rgba 0.28627452254295349 0.28627452254295349 0.28627452254295349 1)
    (color-rgba 0.090196080505847931 0.090196080505847931 0.090196080505847931 1)
    (color-rgba 0.086274512112140656 0.086274512112140656 0.086274512112140656 1)
    (color-rgba 0.16078431904315948 0.16078431904315948 0.16078431904315948 1)
    (color-rgba 0.10196078568696976 0.10196078568696976 0.10196078568696976 1)
    (color-rgba 0.043137256056070328 0.043137256056070328 0.043137256056070328 1)
    (color-rgba 0.96078431606292725 0.96078431606292725 0.96078431606292725 1)
    (color-rgba 0.091633466135458169 0.091633466135458169 0.091633466135458169 1)
    (color-rgba 0.14342629482071714 0.14342629482071714 0.14342629482071714 1)
    (color-rgba 0.08235294371843338 0.08235294371843338 0.08235294371843338 1)
    (color-rgba 0.023529412224888802 0.023529412224888802 0.023529412224888802 1)
    (color-rgba 0.23137255012989044 0.23137255012989044 0.23137255012989044 1)
    (color-rgba 0.078431375324726105 0.078431375324726105 0.078431375324726105 1)
    (color-rgba 0.26666668057441711 0.26666668057441711 0.26666668057441711 1)
    (color-rgba 0.37254902720451355 0.37254902720451355 0.37254902720451355 1)
    (color-rgba 0.027450980618596077 0.027450980618596077 0.027450980618596077 1)
    (color-rgba 0.364705890417099 0.364705890417099 0.364705890417099 1)
    (color-rgba 0.14509804546833038 0.14509804546833038 0.14509804546833038 1)
    (color-rgba 0.52941179275512695 0.52941179275512695 0.52941179275512695 1)
    (color-rgba 0.82745099067687988 0.82745099067687988 0.82745099067687988 1)
    (color-rgba 0.64313727617263794 0.64313727617263794 0.64313727617263794 1)
    (color-rgba 0.27450981736183167 0.27450981736183167 0.27450981736183167 1)
    (color-rgba 0.19607843458652496 0.19607843458652496 0.19607843458652496 1)
    (color-rgba 0.32941177487373352 0.32941177487373352 0.32941177487373352 1)
    (color-rgba 0.78431373834609985 0.78431373834609985 0.78431373834609985 1)
    (color-rgba 0.16862745583057404 0.16862745583057404 0.16862745583057404 1)
    (color-rgba 0.56470590829849243 0.56470590829849243 0.56470590829849243 1)
    (color-rgba 0.64705884456634521 0.64705884456634521 0.64705884456634521 1)
    (color-rgba 0.69411766529083252 0.69411766529083252 0.69411766529083252 1)
    (color-rgba 0.51372551918029785 0.51372551918029785 0.51372551918029785 1)
    (color-rgba 0.7137255072593689 0.7137255072593689 0.7137255072593689 1)
    (color-rgba 0.59607845544815063 0.59607845544815063 0.59607845544815063 1)
    (color-rgba 0.82996137575869045 0.11265403715284167 0.14483932919219283 1)
    (color-rgba 0.31493057476351166 0.069757149969574633 0.080757983019209362 1)
    (color-rgba 0.069757149969574633 0.0725246676777139 0.31493057476351166 1)
    (color-rgba 0.15057379415438099 0.31493057476351166 0.069757149969574633 1)
    (color-rgba 1 0 0 1)
    (color-rgba 0.074509806931018829 0.074509806931018829 0.074509806931018829 1)
    (color-rgba 0.9529411792755127 0.9529411792755127 0.9529411792755127 1)
    (color-rgba 0.043824701195219126 0.043824701195219126 0.043824701195219126 1)
    (color-rgba 0.3960784375667572 0.3960784375667572 0.3960784375667572 1)
    (color-rgba 0.28286852589641437 0.28286852589641437 0.28286852589641437 1)
    (color-rgba 0.23107569721115537 0.23107569721115537 0.23107569721115537 1)
    (color-rgba 0.3803921639919281 0.3803921639919281 0.3803921639919281 1)
    (color-rgba 0.97254902124404907 0.97254902124404907 0.97254902124404907 1)
    (color-rgba 0.23921568691730499 0.23921568691730499 0.23921568691730499 1)
    (color-rgba 0.47450980544090271 0.47450980544090271 0.47450980544090271 1)
    (color-rgba 0.075697211155378488 0.075697211155378488 0.075697211155378488 1)
    (color-rgba 0.43137255311012268 0.43137255311012268 0.43137255311012268 1)
    (color-rgba 0.14741035856573706 0.14741035856573706 0.14741035856573706 1)
    (color-rgba 0.16733067729083664 0.16733067729083664 0.16733067729083664 1)
    (color-rgba 0.50996015936254979 0.50996015936254979 0.50996015936254979 1)
    (color-rgba 0.56078433990478516 0.56078433990478516 0.56078433990478516 1)
    (color-rgba 0.11952191235059761 0.11952191235059761 0.11952191235059761 1)
    (color-rgba 0.45882353186607361 0.45882353186607361 0.45882353186607361 1)
    (color-rgba 0.66666668653488159 0.66666668653488159 0.66666668653488159 1)
    (color-rgba 0.15686275064945221 0.15686275064945221 0.15686275064945221 1)
    (color-rgba 0.18725099601593626 0.18725099601593626 0.18725099601593626 1)
    (color-rgba 0.39215686917304993 0.39215686917304993 0.39215686917304993 1)
    (color-rgba 0.47843137383460999 0.47843137383460999 0.47843137383460999 1)
    (color-rgba 0.10756972111553785 0.10756972111553785 0.10756972111553785 1)
    (color-rgba 0.3386454183266932 0.3386454183266932 0.3386454183266932 1)
    (color-rgba 0.087649402390438252 0.087649402390438252 0.087649402390438252 1)
    (color-rgba 0.023904382470119521 0.023904382470119521 0.023904382470119521 1)
    (color-rgba 0.38817396759986877 0.10882890969514847 0.071547605097293854 1)
    (color-rgba 0.68043804168701172 0.32548251748085022 0.22041112184524536 1)
    (color-rgba 0.40446296334266663 0.12560167908668518 0.083449654281139374 1)
    (color-rgba 0.8208891749382019 0.50285917520523071 0.40368512272834778 1)
    (color-rgba 0.63425213098526001 0.3506368100643158 0.28650650382041931 1)
    (color-rgba 0.67678898572921753 0.31708237528800964 0.22171026468276978 1)
    (color-rgba 0.56114161014556885 0.2398507297039032 0.19518950581550598 1)
    (color-rgba 0.82185244560241699 0.49437206983566284 0.39995330572128296 1)
    (color-rgba 0.50016599893569946 0.18339425325393677 0.13347575068473816 1)
    (color-rgba 0.85654592514038086 0.50048351287841797 0.39763146638870239 1)
    (color-rgba 0.46056103706359863 0.1225750520825386 0.088178448379039764 1)
    (color-rgba 0.6968923807144165 0.3371148407459259 0.24210718274116516 1)
    (color-rgba 0.69287365674972534 0.33311209082603455 0.23803725838661194 1)
    (color-rgba 0.43250691890716553 0.075457178056240082 0.058733440935611725 1)
    (color-rgba 0.81690937280654907 0.49890834093093872 0.39971241354942322 1)
    (color-rgba 0.99431049823760986 0.77986127138137817 0.72769647836685181 1)
    (color-rgba 0.82583492994308472 0.49832552671432495 0.41303724050521851 1)
    (color-rgba 0.68117976188659668 0.31669178605079651 0.2214343249797821 1)
    (color-rgba 0.4735548946075262 0.21656626736506379 0.14173024699340489 1)
    (color-rgba 0.86144804954528809 0.49590659141540527 0.39786723256111145 1)
    (color-rgba 0.99300158023834229 0.78814566135406494 0.72261911630630493 1)
    (color-rgba 0.47524825168407336 0.1347603081683281 0.088911730695104774 1)
    (color-rgba 0.65214323997497559 0.239164799451828 0.18355497717857361 1)
    (color-rgba 0.49224191904067993 0.27577033638954163 0.25487157702445984 1)
    (color-rgba 0.57781410217285156 0.3418298065662384 0.32578206062316895 1)
    (color-rgba 0.76294088363647461 0.42644792795181274 0.39104688167572021 1)
    (color-rgba 0.33885419368743896 0.061702072620391846 0.039799295365810394 1)
    (color-rgba 0.55873012542724609 0.2132435142993927 0.15484309196472168 1)
    (color-rgba 0.36798998713493347 0.082413695752620697 0.055646687746047974 1)
    (color-rgba 0.98971867561340332 0.78007739782333374 0.714649498462677 1)
    (color-rgba 0.67787021398544312 0.30382940173149109 0.22318080067634583 1)
    (color-rgba 0.6698077917098999 0.29576981067657471 0.20522493124008179 1)
    (color-rgba 0.68368953466415405 0.33822673559188843 0.23806321620941162 1)
    (color-rgba 0.85922282934188843 0.47480279207229614 0.38175544142723083 1)
    (color-rgba 0.80335640907287598 0.36697298288345337 0.29361903667449951 1)
    (color-rgba 0.43718436360359192 0.062690071761608124 0.053540058434009552 1)
    (color-rgba 0.94585263729095459 0.64589637517929077 0.58694672584533691 1)
    (color-rgba 0.85464531183242798 0.55527830123901367 0.4784386157989502 1)
    (color-rgba 0.91756922006607056 0.62252557277679443 0.54566729068756104 1)
    (color-rgba 0.79622215032577515 0.44531989097595215 0.37418118119239807 1)
    (color-rgba 0.53603553771972656 0.16017875075340271 0.12767365574836731 1)
    (color-rgba 0.7842336893081665 0.43341624736785889 0.37591052055358887 1)
    (color-rgba 0.9178130030632019 0.58491992950439453 0.5223878026008606 1)
    (color-rgba 0.49492424726486206 0.12207300215959549 0.100009985268116 1)
    (color-rgba 0.77551120519638062 0.38686859607696533 0.30271556973457336 1)
    (color-rgba 0.90567976236343384 0.6107105016708374 0.53383731842041016 1)
    (color-rgba 0.33652153611183167 -0.00053733313689008355 0.0077396566048264503 1)
    (color-rgba 0.9507606029510498 0.70780670642852783 0.62983328104019165 1)
    (color-rgba 0.90403121709823608 0.62328857183456421 0.54163074493408203 1)
    (color-rgba 0.93786633014678955 0.81514924764633179 0.75235748291015625 1)
    (color-rgba 0.058822706341743469 0.058824904263019562 0.05016510933637619 1)
    (color-rgba 0.26666668057441711 0.18823529779911041 0.15294118225574493 1)
    (color-rgba 0.0932807511143426 0.072859039610533305 0.1443350298738659 1)
    (color-rgba 0.25490197539329529 0.19215686619281769 0.19607843458652496 1)
    (color-rgba 0.94117647409439087 0.54117649793624878 0.48235294222831726 1)
    (color-rgba 0.28235295414924622 0.23529411852359772 0.23529411852359772 1)
    (color-rgba 0.29411765933036804 0.23137255012989044 0.23137255012989044 1)
    (color-rgba 0.24313725531101227 0.18039216101169586 0.18431372940540314 1)
    (color-rgba 0.15686275064945221 0.16078431904315948 0.24313725531101227 1)
    (color-rgba 0.57254904508590698 0.73333334922790527 0.91372549533843994 1)
    (color-rgba 0.37254902720451355 0.23921568691730499 0.23529411852359772 1)
    (color-rgba 0.25098040699958801 0.22352941334247589 0.26274511218070984 1)
    (color-rgba 0.85490196943283081 0.58039218187332153 0.58039218187332153 1)
    (color-rgba 0.54509806632995605 0.30588236451148987 0.32549020648002625 1)
    (color-rgba 0.89019608497619629 0.92549020051956177 1 1)
    (color-rgba 0.25490197539329529 0.26666668057441711 0.23137255012989044 1)
    (color-rgba 0.76862746477127075 0.47450980544090271 0.47843137383460999 1)
    (color-rgba 0.47058823704719543 0.28235295414924622 0.43137255311012268 1)
    (color-rgba 0.71764707565307617 0.39215686917304993 0.36862745881080627 1)
    (color-rgba 0.47058823704719543 0.36078432202339172 0.36862745881080627 1)
    (color-rgba 0.14509804546833038 0.13725490868091583 0.18823529779911041 1)
    (color-rgba 0.28627452254295349 0.25098040699958801 0.43529412150382996 1)
    (color-rgba 0.9843137264251709 0.98823529481887817 0.99607843160629272 1)
    (color-rgba 0.16862745583057404 0.16470588743686676 0.30980393290519714 1)
    (color-rgba 0.23529411852359772 0.19215686619281769 0.20784313976764679 1)
    (color-rgba 0.26274511218070984 0.12941177189350128 0.36862745881080627 1)
    (color-rgba 0.56078433990478516 0.60784316062927246 0.16862745583057404 1)
    (color-rgba 0.14901961386203766 0.18823529779911041 0.23529411852359772 1)
    (color-rgba 0.15606693015181175 0.10820743914601264 0.1879732574890112 1)
    (color-rgba 0.19607843458652496 0.20000000298023224 0.20784313976764679 1)
    (color-rgba 0.94117647409439087 0.96078431606292725 0.9843137264251709 1)
    (color-rgba 0.17647059261798859 0.23137255012989044 0.27450981736183167 1)
    (color-rgba 0.21960784494876862 0.24705882370471954 0.28627452254295349 1)
    (color-rgba 0.9686274528503418 0.99215686321258545 0.99215686321258545 1)
    (color-rgba 0.13725490868091583 0.14117647707462311 0.22352941334247589 1)
    (color-rgba 0.49019607901573181 0.42352941632270813 0.45490196347236633 1)
    (color-rgba 0.75686275959014893 0.48235294222831726 0.34117648005485535 1)
    (color-rgba 0.13783061629951582 0.086826402615876291 0.14293103766787976 1)
    (color-rgba 0.22352941334247589 0.29411765933036804 0.35686275362968445 1)
    (color-rgba 0.19215686619281769 0.16862745583057404 0.17647059261798859 1)
    (color-rgba 0.16862745583057404 0.14117647707462311 0.16862745583057404 1)
    (color-rgba 0.59215688705444336 0.53333336114883423 0.89803922176361084 1)
    (color-rgba 0.98823529481887817 0.99215686321258545 1 1)
    (color-rgba 0.98039215803146362 0.99607843160629272 1 1)
    (color-rgba 0.9843137264251709 0.97647058963775635 0.98823529481887817 1)
    (color-rgba 0.27058824896812439 0.21960784494876862 0.21176470816135406 1)
    (color-rgba 0.22745098173618317 0.16862745583057404 0.14901961386203766 1)
    (color-rgba 0.34117648005485535 0.29411765933036804 0.30196079611778259 1)
    (color-rgba 0.18039216101169586 0.11764705926179886 0.16078431904315948 1)
    (color-rgba 0.11372549086809158 0.13333334028720856 0.10980392247438431 1)
    (color-rgba 0.85882353782653809 0.88627451658248901 0.57254904508590698 1)
    (color-rgba 0.64705884456634521 0.60392159223556519 0.97647058963775635 1)
    (color-rgba 0.96470588445663452 0.97647058963775635 0.97254902124404907 1)
    (color-rgba 0.20784313976764679 0.16862745583057404 0.16470588743686676 1)
    (color-rgba 0.51764708757400513 0.35686275362968445 0.66274511814117432 1)
    (color-rgba 0.9843137264251709 0.9843137264251709 0.99215686321258545 1)
    (color-rgba 0.21176470816135406 0.19215686619281769 0.20784313976764679 1)
    (color-rgba 0.11764705926179886 0.10196078568696976 0.16078431904315948 1)
    (color-rgba 0.30588236451148987 0.23137255012989044 0.38823530077934265 1)
    (color-rgba 0.21568627655506134 0.21176470816135406 0.23137255012989044 1)
    (color-rgba 0.21176470816135406 0.20392157137393951 0.25882354378700256 1))

# end of colorrc
