# GIMP colorrc
# 
# This file holds a list of recently used colors.

(color-history
    (color-rgba 1 0 0.19829563657973015 1)
    (color-rgba 1 1 1 1)
    (color-rgba 0.27450981736183167 0.65490198135375977 0.61960786581039429 1)
    (color-rgba 1 0 0 1)
    (color-rgba 0.058823529630899429 0 0.10196078568696976 1)
    (color-rgba 0.058643573260210337 0 0.10270153303260815 1)
    (color-rgba 1 0.35085534274475272 0 1)
    (color-rgba 0.57946811552759503 0.41221364344040923 0.20314555333142695 1)
    (color-rgba 0.96078431606292725 0.94509804248809814 0.92549020051956177 1)
    (color-rgba 0.054901961237192154 0.050980392843484879 0.054901961237192154 1)
    (color-rgba 0.031372547149658203 0.031372547149658203 0.031372547149658203 1)
    (color-rgba 0.85490196943283081 0.79607844352722168 0.73725491762161255 1)
    (color-rgba 0.95686274766921997 0.93333333730697632 0.90588235855102539 1)
    (color-rgba 0.7137255072593689 0.64313727617263794 0.59607845544815063 1)
    (color-rgba 0.023529412224888802 0.023529412224888802 0.023529412224888802 1)
    (color-rgba 0.84705883264541626 0.7764706015586853 0.70980393886566162 1)
    (color-rgba 0.023529412224888802 0.023529412224888802 0.054901961237192154 1)
    (color-rgba 0.26274511218070984 0.20784313976764679 0.22745098173618317 1)
    (color-rgba 0.92549020051956177 0.86666667461395264 0.83137255907058716 1)
    (color-rgba 0.92941176891326904 0.78039216995239258 0.63921570777893066 1)
    (color-rgba 0.92941176891326904 0.69803923368453979 0.54901963472366333 1)
    (color-rgba 0.71764707565307617 0.24705882370471954 0.21176470816135406 1)
    (color-rgba 0.92549020051956177 0.62745100259780884 0.53333336114883423 1)
    (color-rgba 0.91372549533843994 0.55294120311737061 0.51764708757400513 1)
    (color-rgba 0.91372549533843994 0.56078433990478516 0.52549022436141968 1)
    (color-rgba 0.015686273574829102 0.015686273574829102 0.031372547149658203 1)
    (color-rgba 0.94901961088180542 0.93333333730697632 0.92549020051956177 1)
    (color-rgba 0.94117647409439087 0.91764706373214722 0.90980392694473267 1)
    (color-rgba 0.098039217293262482 0.027450980618596077 0.027450980618596077 1)
    (color-rgba 0.68235296010971069 0.32156863808631897 0.29019609093666077 1)
    (color-rgba 0.92549020051956177 0.90588235855102539 0.89803922176361084 1)
    (color-rgba 0.66666668653488159 0.25490197539329529 0.22352941334247589 1)
    (color-rgba 0.91764706373214722 0.90588235855102539 0.89803922176361084 1)
    (color-rgba 0.88627451658248901 0.85098040103912354 0.84705883264541626 1)
    (color-rgba 0.17647059261798859 0.011764706112444401 0.0078431367874145508 1)
    (color-rgba 0.67058825492858887 0.21176470816135406 0.18039216101169586 1)
    (color-rgba 0.66666668653488159 0.34509804844856262 0.30980393290519714 1)
    (color-rgba 0.98039215803146362 0.98039215803146362 0.98039215803146362 1)
    (color-rgba 0.73725491762161255 0.5058823823928833 0.46274510025978088 1)
    (color-rgba 0.64313727617263794 0.29803922772407532 0.27450981736183167 1)
    (color-rgba 0.88235294818878174 0.83921569585800171 0.83529412746429443 1)
    (color-rgba 0.729411780834198 0.3803921639919281 0.32941177487373352 1)
    (color-rgba 0 0 0 1)
    (color-rgba 0.84705883264541626 0.83529412746429443 0.82745099067687988 1)
    (color-rgba 0.80784314870834351 0.78823530673980713 0.78431373834609985 1)
    (color-rgba 0.86274510622024536 0.21568627655506134 0.21568627655506134 1)
    (color-rgba 0 0 0.08235294371843338 1)
    (color-rgba 0.21176470816135406 0.23529411852359772 0.23529411852359772 1)
    (color-rgba 0.34117648005485535 0.17647059261798859 0.15686275064945221 1)
    (color-rgba 0.83921569585800171 0.20392157137393951 0.20392157137393951 1)
    (color-rgba 0 0 0.027450980618596077 1)
    (color-rgba 0.41568627953529358 0.23137255012989044 0.20392157137393951 1)
    (color-rgba 0.14509804546833038 0.10980392247438431 0.11372549086809158 1)
    (color-rgba 0.42745098471641541 0.23529411852359772 0.20784313976764679 1)
    (color-rgba 0.40784314274787903 0.40000000596046448 0.3960784375667572 1)
    (color-rgba 0.43529412150382996 0.23137255012989044 0.20392157137393951 1)
    (color-rgba 0.71764707565307617 0.67450982332229614 0.67450982332229614 1)
    (color-rgba 0.40392157435417175 0.21568627655506134 0.18431372940540314 1)
    (color-rgba 0.0078431367874145508 0.0078431367874145508 0.043137256056070328 1)
    (color-rgba 0.22745098173618317 0.21176470816135406 0.25490197539329529 1)
    (color-rgba 0.36078432202339172 0.19607843458652496 0.16470588743686676 1)
    (color-rgba 0.4117647111415863 0.23137255012989044 0.20392157137393951 1)
    (color-rgba 0.40000000596046448 0.22352941334247589 0.19607843458652496 1)
    (color-rgba 0.4117647111415863 0.22745098173618317 0.20000000298023224 1)
    (color-rgba 0.38431373238563538 0.20784313976764679 0.18431372940540314 1)
    (color-rgba 0.7921568751335144 0.74901962280273438 0.74117648601531982 1)
    (color-rgba 0.0078431367874145508 0.0078431367874145508 0.066666670143604279 1)
    (color-rgba 0.7607843279838562 0.74901962280273438 0.74901962280273438 1)
    (color-rgba 0.7607843279838562 0.73333334922790527 0.73333334922790527 1)
    (color-rgba 0.40392157435417175 0.21960784494876862 0.18823529779911041 1)
    (color-rgba 0.40392157435417175 0.21568627655506134 0.18823529779911041 1)
    (color-rgba 0.38823530077934265 0.20784313976764679 0.17647059261798859 1)
    (color-rgba 0.38823530077934265 0.20784313976764679 0.18039216101169586 1)
    (color-rgba 0.40000000596046448 0.21568627655506134 0.18431372940540314 1)
    (color-rgba 0.364705890417099 0.18823529779911041 0.16470588743686676 1)
    (color-rgba 0.88627451658248901 0.72549021244049072 0.62745100259780884 1)
    (color-rgba 0.91372549533843994 0.81960785388946533 0.73725491762161255 1)
    (color-rgba 0.39215686917304993 0.21176470816135406 0.18039216101169586 1)
    (color-rgba 0.89803922176361084 0.78823530673980713 0.7137255072593689 1)
    (color-rgba 0.027450980618596077 0.027450980618596077 0.078431375324726105 1)
    (color-rgba 0.20392157137393951 0.20392157137393951 0.23529411852359772 1)
    (color-rgba 0.0039215683937072754 0.0039215683937072754 0.035294119268655777 1)
    (color-rgba 0.50980395078659058 0.27058824896812439 0.20000000298023224 1)
    (color-rgba 0.25882354378700256 0.28235295414924622 0.42352941632270813 1)
    (color-rgba 0.011764706112444401 0.011764706112444401 0.011764706112444401 1)
    (color-rgba 0.51372551918029785 0.27450981736183167 0.20392157137393951 1)
    (color-rgba 0.13333334028720856 0.14117647707462311 0.21960784494876862 1)
    (color-rgba 0.23921568691730499 0.26274511218070984 0.39215686917304993 1)
    (color-rgba 0.054901961237192154 0.054901961237192154 0.086274512112140656 1)
    (color-rgba 0.11764705926179886 0.12549018859863281 0.19215686619281769 1)
    (color-rgba 0.11764705926179886 0.12549018859863281 0.20392157137393951 1)
    (color-rgba 0.039215687662363052 0.043137256056070328 0.058823529630899429 1)
    (color-rgba 0.98039215803146362 0.98039215803146362 0.9843137264251709 1)
    (color-rgba 0.25882354378700256 0.29019609093666077 0.43137255311012268 1)
    (color-rgba 0.027450980618596077 0.027450980618596077 0.043137256056070328 1)
    (color-rgba 0.12549018859863281 0.13333334028720856 0.21176470816135406 1)
    (color-rgba 0.24313725531101227 0.26666668057441711 0.40784314274787903 1)
    (color-rgba 0.36862745881080627 0.20000000298023224 0.17254902422428131 1)
    (color-rgba 0.74117648601531982 0.12156862765550613 0.12156862765550613 1)
    (color-rgba 0 0 0.058823529630899429 1)
    (color-rgba 0.78039216995239258 0.14901961386203766 0.14901961386203766 1)
    (color-rgba 0.0039215683937072754 0.0039215683937072754 0.0039215683937072754 1)
    (color-rgba 0.35686275362968445 0.41568627953529358 0.69803923368453979 1)
    (color-rgba 0.25490197539329529 0.20000000298023224 0.21960784494876862 1)
    (color-rgba 0.24705882370471954 0.19215686619281769 0.21176470816135406 1)
    (color-rgba 0.25098037719726562 0.19607843458652496 0.21568627655506134 1)
    (color-rgba 0.28627452254295349 0.21960784494876862 0.23921568691730499 1)
    (color-rgba 0.011764706112444401 0.011764706112444401 0.027450980618596077 1)
    (color-rgba 0.29019609093666077 0.22352941334247589 0.24313725531101227 1)
    (color-rgba 0.93333333730697632 0.78823530673980713 0.65490198135375977 1)
    (color-rgba 0.92941176891326904 0.7607843279838562 0.60784316062927246 1)
    (color-rgba 0.25882354378700256 0.20392157137393951 0.22352941334247589 1)
    (color-rgba 0.0078431367874145508 0.0078431367874145508 0.0078431367874145508 1)
    (color-rgba 0.019607843831181526 0.019607843831181526 0.062745094299316406 1)
    (color-rgba 0.92549020051956177 0.7764706015586853 0.65882354974746704 1)
    (color-rgba 0.81568628549575806 0.59607845544815063 0.45882353186607361 1)
    (color-rgba 0.92941176891326904 0.76862746477127075 0.63921570777893066 1)
    (color-rgba 0.90980392694473267 0.80000001192092896 0.68235296010971069 1)
    (color-rgba 0.92549020051956177 0.78039216995239258 0.65882354974746704 1)
    (color-rgba 0.92941176891326904 0.78431373834609985 0.66666668653488159 1)
    (color-rgba 0.89803922176361084 0.76470589637756348 0.63921570777893066 1)
    (color-rgba 0.38431373238563538 0.29019609093666077 0.32156863808631897 1)
    (color-rgba 0.85490196943283081 0.55686277151107788 0.55686277151107788 1)
    (color-rgba 0.38823530077934265 0.29411765933036804 0.32549020648002625 1)
    (color-rgba 0.0078431367874145508 0.0078431367874145508 0.031372547149658203 1)
    (color-rgba 0.79607844352722168 0.56862747669219971 0.43921568989753723 1)
    (color-rgba 0.91372549533843994 0.7921568751335144 0.68235296010971069 1)
    (color-rgba 0.91372549533843994 0.78823530673980713 0.67058825492858887 1)
    (color-rgba 0.89803922176361084 0.77254903316497803 0.64705884456634521 1)
    (color-rgba 0.078431375324726105 0.019607843831181526 0.011764706112444401 1)
    (color-rgba 0.92941176891326904 0.77254903316497803 0.64705884456634521 1)
    (color-rgba 0.92941176891326904 0.77254903316497803 0.64313727617263794 1)
    (color-rgba 0.019607843831181526 0.015686273574829102 0.019607843831181526 1)
    (color-rgba 0.40784314274787903 0.30588236451148987 0.34509804844856262 1)
    (color-rgba 0.70980393886566162 0.5215686559677124 0.41960784792900085 1)
    (color-rgba 0.76470589637756348 0.58823531866073608 0.47843137383460999 1)
    (color-rgba 0.035294119268655777 0.035294119268655777 0.078431375324726105 1)
    (color-rgba 0.0078431367874145508 0.0039215683937072754 0.0078431367874145508 1)
    (color-rgba 0.33725491166114807 0.25098037719726562 0.27843138575553894 1)
    (color-rgba 0.93725490570068359 0.84313726425170898 0.73725491762161255 1)
    (color-rgba 0.91372549533843994 0.81568628549575806 0.71764707565307617 1)
    (color-rgba 0.92549020051956177 0.82352942228317261 0.72156864404678345 1)
    (color-rgba 0.93725490570068359 0.85490196943283081 0.7607843279838562 1)
    (color-rgba 0.95686274766921997 0.93333333730697632 0.91764706373214722 1)
    (color-rgba 0.28627452254295349 0.19607843458652496 0.17647059261798859 1)
    (color-rgba 0.43137255311012268 0.18431372940540314 0.12549018859863281 1)
    (color-rgba 0.21960784494876862 0.18431372940540314 0.18823529779911041 1)
    (color-rgba 0.27450981736183167 0.15294118225574493 0.13333334028720856 1)
    (color-rgba 0.47843137383460999 0.20392157137393951 0.14117647707462311 1)
    (color-rgba 0.92941176891326904 0.88235294818878174 0.84705883264541626 1)
    (color-rgba 0.9529411792755127 0.92941176891326904 0.91372549533843994 1)
    (color-rgba 0.91372549533843994 0.85098040103912354 0.80784314870834351 1)
    (color-rgba 0.88627451658248901 0.72156864404678345 0.63137257099151611 1)
    (color-rgba 0.88235294818878174 0.74901962280273438 0.68235296010971069 1)
    (color-rgba 0.91372549533843994 0.84705883264541626 0.80392158031463623 1)
    (color-rgba 0.65490198135375977 0.364705890417099 0.21568627655506134 1)
    (color-rgba 0.88627451658248901 0.85882353782653809 0.83529412746429443 1)
    (color-rgba 0.89019608497619629 0.83137255907058716 0.76862746477127075 1)
    (color-rgba 0.08235294371843338 0.047058824449777603 0.027450980618596077 1)
    (color-rgba 0.93333333730697632 0.80392158031463623 0.68235296010971069 1)
    (color-rgba 0.93725490570068359 0.80784314870834351 0.69411766529083252 1)
    (color-rgba 0.50196075439453125 0.27058824896812439 0.20000000298023224 1)
    (color-rgba 0.031372547149658203 0.031372547149658203 0.078431375324726105 1)
    (color-rgba 0.92941176891326904 0.90196079015731812 0.87058824300765991 1)
    (color-rgba 0.87843137979507446 0.80784314870834351 0.7450980544090271 1)
    (color-rgba 0.35686275362968445 0.43137255311012268 0.68627452850341797 1)
    (color-rgba 0.86666667461395264 0.42745098471641541 0.42745098471641541 1)
    (color-rgba 0.91764706373214722 0.61960786581039429 0.61960786581039429 1)
    (color-rgba 0.87058824300765991 0.43137255311012268 0.43137255311012268 1)
    (color-rgba 0.10196078568696976 0.027450980618596077 0.027450980618596077 1)
    (color-rgba 0.86666667461395264 0.4117647111415863 0.4117647111415863 1)
    (color-rgba 0.066666670143604279 0.031372547149658203 0.035294119268655777 1)
    (color-rgba 0.87058824300765991 0.41568627953529358 0.41568627953529358 1)
    (color-rgba 0.24313725531101227 0.18823529779911041 0.20784313976764679 1)
    (color-rgba 0.28235295414924622 0.21568627655506134 0.23529411852359772 1)
    (color-rgba 0.0078431367874145508 0.0078431367874145508 0.023529412224888802 1)
    (color-rgba 0.92549020051956177 0.87058824300765991 0.83529412746429443 1)
    (color-rgba 0.99607843160629272 0.99215686321258545 0.99215686321258545 1)
    (color-rgba 0.98823529481887817 0.9843137264251709 0.98039215803146362 1)
    (color-rgba 0.027450980618596077 0.023529412224888802 0.058823529630899429 1)
    (color-rgba 0.36078432202339172 0.41960784792900085 0.58823531866073608 1)
    (color-rgba 0.93333333730697632 0.58039218187332153 0.37647059559822083 1)
    (color-rgba 0.011764706112444401 0.0078431367874145508 0.011764706112444401 1)
    (color-rgba 0.0039215683937072754 0.0039215683937072754 0.019607843831181526 1)
    (color-rgba 0.26666668057441711 0.21176470816135406 0.23137255012989044 1)
    (color-rgba 0.96078431606292725 0.94117647409439087 0.92549020051956177 1)
    (color-rgba 0.14901961386203766 0.18039216101169586 0.5058823823928833 1)
    (color-rgba 0.26666668057441711 0.3333333432674408 0.65098041296005249 1)
    (color-rgba 0.25098037719726562 0.30196079611778259 0.62352943420410156 1)
    (color-rgba 0.25098037719726562 0.31764706969261169 0.63137257099151611 1)
    (color-rgba 1 0.97520272516260853 0.90953198230906329 1)
    (color-rgba 0.3803921639919281 0.30196079611778259 0.32941177487373352 1)
    (color-rgba 0.92549020051956177 0.57647061347961426 0.84705883264541626 1)
    (color-rgba 0.38431373238563538 0.29803922772407532 0.3333333432674408 1)
    (color-rgba 0.92941176891326904 0.61960786581039429 0.85882353782653809 1)
    (color-rgba 0.38823530077934265 0.30196079611778259 0.33725491166114807 1)
    (color-rgba 0.94901961088180542 0.92156863212585449 0.90196079015731812 1)
    (color-rgba 0.91372549533843994 0.85490196943283081 0.81176471710205078 1)
    (color-rgba 0.90980392694473267 0.84705883264541626 0.80392158031463623 1)
    (color-rgba 0.65882354974746704 0.64705884456634521 0.77254903316497803 1)
    (color-rgba 0.54509806632995605 0.60000002384185791 0.76862746477127075 1)
    (color-rgba 0.027450980618596077 0.011764706112444401 0.011764706112444401 1)
    (color-rgba 0 0 0.066666670143604279 1)
    (color-rgba 0 0 0.14509804546833038 1)
    (color-rgba 0.14117647707462311 0.14901961386203766 0.44705882668495178 1)
    (color-rgba 0.13725490868091583 0.16470588743686676 0.47450980544090271 1)
    (color-rgba 0.91372549533843994 0.61176472902297974 0.61176472902297974 1)
    (color-rgba 0.86666667461395264 0.45882353186607361 0.45882353186607361 1)
    (color-rgba 0.34509804844856262 0.27450981736183167 0.29803922772407532 1)
    (color-rgba 0.85490196943283081 0.49411764740943909 0.28235295414924622 1)
    (color-rgba 0.81176471710205078 0.78039216995239258 0.7764706015586853 1)
    (color-rgba 0.27450981736183167 0.16862745583057404 0.17647059261798859 1)
    (color-rgba 0.34117648005485535 0.25490197539329529 0.28235295414924622 1)
    (color-rgba 0.37254902720451355 0.28235295414924622 0.30980393290519714 1)
    (color-rgba 0.20000000298023224 0.15294118225574493 0.14901961386203766 1)
    (color-rgba 0.9529411792755127 0.91764706373214722 0.90196079015731812 1)
    (color-rgba 0.84705883264541626 0.59607845544815063 0.44705882668495178 1)
    (color-rgba 0.16078431904315948 0.13333334028720856 0.13333334028720856 1)
    (color-rgba 0.023529412224888802 0.019607843831181526 0.023529412224888802 1)
    (color-rgba 0.32549020648002625 0.25490197539329529 0.27843138575553894 1)
    (color-rgba 0.015686273574829102 0.011764706112444401 0.015686273574829102 1)
    (color-rgba 0.019607843831181526 0.019607843831181526 0.019607843831181526 1)
    (color-rgba 0.19215686619281769 0.14901961386203766 0.14901961386203766 1)
    (color-rgba 0.32156863808631897 0.25098037719726562 0.27450981736183167 1)
    (color-rgba 0.35294118523597717 0.27843138575553894 0.30196079611778259 1)
    (color-rgba 0.9529411792755127 0.94117647409439087 0.93333333730697632 1)
    (color-rgba 0.92156863212585449 0.88235294818878174 0.85882353782653809 1)
    (color-rgba 0.94901961088180542 0.93333333730697632 0.92156863212585449 1)
    (color-rgba 0.90980392694473267 0.88627451658248901 0.87843137979507446 1)
    (color-rgba 0.22745098173618317 0.18431372940540314 0.19215686619281769 1)
    (color-rgba 0.031372547149658203 0.027450980618596077 0.047058824449777603 1)
    (color-rgba 0.37647059559822083 0.32941177487373352 0.70588237047195435 1)
    (color-rgba 0.9843137264251709 0.9843137264251709 0.9843137264251709 1)
    (color-rgba 0.92549020051956177 0.91372549533843994 0.90588235855102539 1)
    (color-rgba 0.97647058963775635 0.97647058963775635 0.98823529481887817 1)
    (color-rgba 0.99607843160629272 0.99607843160629272 0.99607843160629272 1)
    (color-rgba 0.90980392694473267 0.92156863212585449 0.94117647409439087 1)
    (color-rgba 0.94117647409439087 0.94901961088180542 0.96078431606292725 1)
    (color-rgba 0.18775510204081633 0.18775510204081633 0.18775510204081633 1)
    (color-rgba 0.17959183673469387 0.17959183673469387 0.17959183673469387 1)
    (color-rgba 0.097959183673469383 0.097959183673469383 0.097959183673469383 1)
    (color-rgba 0.76862746477127075 0.76862746477127075 0.76862746477127075 1)
    (color-rgba 0.77551020408163263 0.77551020408163263 0.77551020408163263 1)
    (color-rgba 0.67450982332229614 0.67450982332229614 0.67450982332229614 1)
    (color-rgba 0.89019608497619629 0.85490196943283081 0.84313726425170898 1)
    (color-rgba 0.078431375324726105 0.047058824449777603 0.035294119268655777 1)
    (color-rgba 0.75686275959014893 0.50980395078659058 0.44313725829124451 1)
    (color-rgba 0.93914710110206034 0.90360238592037923 0.8902731193100144 1)
    (color-rgba 0.7921568751335144 0.53333336114883423 0.43921568989753723 1)
    (color-rgba 0.69803923368453979 0.3960784375667572 0.27843138575553894 1)
    (color-rgba 0.08235294371843338 0.054901961237192154 0.031372550874948502 1)
    (color-rgba 0.69803923368453979 0.38823530077934265 0.26666668057441711 1)
    (color-rgba 0.67450982332229614 0.3960784375667572 0.28627452254295349 1)
    (color-rgba 0.90588235855102539 0.77254903316497803 0.73725491762161255 1)
    (color-rgba 0.47843137383460999 0.13725490868091583 0.10980392247438431 1)
    (color-rgba 0.5215686559677124 0.14901961386203766 0.13333334028720856 1))

# end of colorrc
