# GIMP devicerc

(GimpDeviceInfo "Core Pointer"
    (icon-name "gimp-cursor")
    (name "Core Pointer")
    (tool-options "GimpPaintOptions"
        (tool "gimp-paintbrush-tool")
        (foreground (color-rgb 1 1 1))
        (brush "Звукова ручка")
        (dynamics "Без назви")
        (gradient "Нетипове")
        (palette "Standard")
        (brush-size 25)
        (brush-angle -27)
        (brush-spacing 0.040000000000000001)
        (brush-hardness 0.93999999999999995)
        (brush-force 1)
        (use-smoothing yes)
        (smoothing-quality 52)
        (smoothing-factor 397.39999999999998))
    (use-fg-bg yes)
    (use-opacity-paint-mode no)
    (use-brush yes)
    (use-dynamics yes)
    (use-mypaint-brush no)
    (use-gradient yes)
    (use-pattern no)
    (use-palette yes)
    (use-font no)
    (mode screen)
    (axes 2 x y)
    (keys 0)
    (pressure-curve
        (curve-type smooth)
        (points 6 0 0 0.48379052369077308 0.51119402985074625 1 1)
        (point-types 3 smooth smooth smooth)
        (n-samples 256)
        (samples 256 0 0.0042547573871046787 0.0085094709882596424 0.012764097017515179 0.017018591688921572 0.02127291121652912 0.025527011814388077 0.029780849696548758 0.03403438107706145 0.038287562169976426 0.042540349189343962 0.046792698349214366 0.051044565863637925 0.055295907946664898 0.059546680812345584 0.063796840674730279 0.068046343747869276 0.072295146245812833 0.07654320438261128 0.080790474372314833 0.085036912428973863 0.089282474766638545 0.093527117599359277 0.097770797141186305 0.10201346960616989 0.10625509120836031 0.11049561816180793 0.11473500668056298 0.11897321297867575 0.12321019327019647 0.12744590376917553 0.13168030068966319 0.13591334024570961 0.1401449786513653 0.14437517212068038 0.14860387686770518 0.15283104910648992 0.15705664505108505 0.16128062091554077 0.16550293291390727 0.16972353726023501 0.1739423901685741 0.17815944785297494 0.18237466652748777 0.18658800240616294 0.19079941170305068 0.1950088506322013 0.19921627540766501 0.20342164224349224 0.20762490735373312 0.21182602695243805 0.21602495725365725 0.22022165447144104 0.22441607481983974 0.22860817451290355 0.23279790976468279 0.23698523678922781 0.24117011180058878 0.24535249101281606 0.24953233063995994 0.2537095868960707 0.25788421599519862 0.26205617415139393 0.26622541757870694 0.27039190249118805 0.27455558510288747 0.27871642162785543 0.28287436828014223 0.28702938127379818 0.29118141682287357 0.29533043114141877 0.29947638044348401 0.30361922094311944 0.30775890885437546 0.31189540039130237 0.31602865176795053 0.32015861919837008 0.32428525889661131 0.32840852707672452 0.33252837995276008 0.33664477373876833 0.34075766464879936 0.34486700889690347 0.34897276269713112 0.35307488226353245 0.35717332381015793 0.36126804355105757 0.36535899770028191 0.36944614247188101 0.37352943407990535 0.37760882873840507 0.38168428266143062 0.38575575206303214 0.38982319315725988 0.39388656215816426 0.39794581527979556 0.40200090873620398 0.40605179874143993 0.41009844150955355 0.41414079325459507 0.41817881019061498 0.42221244853166356 0.42624166449179102 0.43026641428504764 0.43428665412548362 0.43830234022714937 0.44231342880409513 0.44631987607037127 0.45032163824002791 0.45431867152711547 0.45831093214568419 0.46229837630978432 0.46628096023346627 0.47025864013078023 0.47423137221577638 0.4781991127025052 0.48216181780501699 0.48611944373736182 0.49007194671359011 0.49401928294775233 0.49796140865389832 0.50189828004607884 0.50582985333834374 0.51119402985074625 0.51511323221018557 0.51902772606271075 0.52293754745198529 0.52684273242167301 0.53074331701543709 0.53463933727694124 0.53853082924984907 0.5424178289778242 0.54630037250453012 0.55017849587363077 0.55405223512878887 0.55792162631366882 0.56178670547193377 0.56564750864724744 0.56950407188327334 0.57335643122367508 0.57720462271211637 0.5810486823922606 0.58488864630777126 0.5887245505023122 0.59255643101954669 0.59638432390313867 0.6002082651967513 0.60402829094404853 0.60784443718869341 0.61165673997435011 0.61546523534468178 0.61926995934335227 0.62307094801402496 0.62686823740036368 0.63066186354603193 0.63445186249469288 0.63823827029001046 0.64202112297564828 0.64580045659526986 0.64957630719253856 0.65334871081111823 0.65711770349467225 0.66088332128686411 0.66464560023135788 0.66840457637181649 0.67216028575190401 0.67591276441528403 0.67966204840561961 0.68340817376657481 0.6871511765418129 0.69089109277499772 0.69462795850979264 0.69836180978986118 0.70209268265886715 0.70582061316047384 0.70954563733834508 0.71326779123614426 0.7169871108975352 0.72070363236618118 0.72441739168574593 0.72812842489989305 0.73183676805228615 0.73554245718658851 0.73924552834646395 0.7429460175755761 0.74664396091758833 0.75033939441616415 0.75403235411496738 0.75772287605766175 0.7614109962879102 0.76509675084937712 0.76878017578572522 0.77246130714061878 0.77614018095772108 0.77981683328069562 0.78349130015320612 0.78716361761891607 0.79083382172148919 0.79450194850458855 0.79816803401187841 0.80183211428702195 0.80549422537368298 0.80915440331552468 0.81281268415621111 0.81646910393940531 0.82012369870877133 0.82377650450797257 0.82742755738067242 0.83107689337053481 0.83472454852122291 0.83837055887640055 0.84201496047973134 0.84565778937487879 0.84929908160550638 0.85293887321527784 0.85657720024785644 0.86021409874690613 0.86384960475609029 0.86748375431907254 0.87111658347951626 0.8747481282810855 0.87837842476744332 0.88200750898225366 0.8856354169691798 0.88926218477188546 0.89288784843403413 0.89651244399928964 0.90013600751131517 0.90375857501377466 0.90738018255033137 0.91100086616464926 0.91462066190039137 0.91823960580122177 0.92185773391080361 0.92547508227280095 0.92909168693087696 0.93270758392869535 0.93632280930991973 0.93993739911821361 0.94355138939724059 0.94716481619066428 0.95077771554214807 0.95439012349535568 0.95800207609395094 0.9616136093815969 0.96522475940195751 0.96883556219869615 0.97244605381547644 0.97605627029596209 0.97966624768381638 0.98327602202270337 0.9868856293562861 0.9904951057282283 0.9941044871821938 0.99771380976184576 1)))
(GimpDeviceInfo "Elan Touchpad"
    (icon-name "gimp-cursor")
    (name "Elan Touchpad")
    (tool-options "GimpPaintOptions"
        (tool "gimp-paintbrush-tool")
        (foreground (color-rgb 1 0 0.19829563657973015))
        (brush "Звукова ручка")
        (dynamics "Без назви")
        (gradient "Нетипове")
        (palette "Standard")
        (brush-size 88)
        (brush-aspect-ratio 7)
        (brush-angle -27)
        (brush-spacing 0.01)
        (brush-hardness 0.93999999999999995)
        (brush-force 1)
        (use-smoothing yes)
        (smoothing-quality 52)
        (smoothing-factor 397.39999999999998))
    (use-fg-bg yes)
    (use-opacity-paint-mode no)
    (use-brush yes)
    (use-dynamics yes)
    (use-mypaint-brush no)
    (use-gradient yes)
    (use-pattern no)
    (use-palette yes)
    (use-font no)
    (mode screen)
    (axes 4 x y pressure xtilt)
    (keys 0)
    (pressure-curve
        (curve-type smooth)
        (points 6 0 0 0.513715710723192 0.53731343283582089 1 1)
        (point-types 3 smooth smooth smooth)
        (n-samples 256)
        (samples 256 0 0.0041917714474968629 0.0083835114028479787 0.012575188373907597 0.016766770868529967 0.020958227394569349 0.025149526459879976 0.029340636572316118 0.033531526239732011 0.037722163969981917 0.041912518270920102 0.046102557650400798 0.05029225061627824 0.054481565676406704 0.05867047133864043 0.06285893611083368 0.067046928500840694 0.071234417016515755 0.075421370165713056 0.079607756456286885 0.083793544396091504 0.08797870249298112 0.092163199254810049 0.096347003189432484 0.10053008280470273 0.10471240660847497 0.10889394310860352 0.11307466081294258 0.11725452822934641 0.12143351386566929 0.12561158622976548 0.12978871382948923 0.13396486517269471 0.13814000876723626 0.14231411312096814 0.14648714674174448 0.15065907813741966 0.15482987581584787 0.15899950828488341 0.16316794405238047 0.16733515162619336 0.1715010995141763 0.17566575622418351 0.17982909026406929 0.18399107014168789 0.18815166436489356 0.19231084144154045 0.196468569879483 0.20062481818657535 0.20477955487067168 0.20893274843962648 0.21308436740129369 0.21723438026352782 0.22138275553418291 0.22552946172111338 0.22967446733217345 0.23381774087521726 0.23795925085809927 0.24209896578867346 0.2462368541747943 0.25037288452431594 0.25450702534509262 0.25863924514497882 0.26276951243182839 0.26689779571349587 0.27102406349783542 0.27514828429270133 0.27927042660594781 0.28339045894542914 0.28750834981899953 0.29162406773451327 0.29573758119982457 0.29984885872278777 0.30395786881125703 0.30806457997308656 0.31216896071613087 0.31627097954824396 0.32037060497728009 0.32446780551109355 0.32856254965753873 0.33265480592446967 0.33674454281974076 0.34083172885120605 0.34491633252672016 0.34899832235413702 0.35307766684131103 0.35715433449609635 0.36122829382634736 0.36529951333991817 0.36936796154466311 0.37343360694843641 0.3774964180590924 0.38155636338448506 0.38561341143246897 0.38966753071089832 0.39371868972762714 0.39776685699050995 0.40181200100740089 0.4058540902861541 0.40989309333462398 0.4139289786606648 0.41796171477213068 0.42199127017687599 0.4260176133827549 0.43004071289762169 0.43406053722933069 0.43807705488573595 0.44209023437469197 0.4461000442040528 0.45010645288167273 0.45410942891540623 0.45810894081310721 0.46210495708263011 0.46609744623182925 0.47008637676855869 0.47407171720067276 0.47805343603602579 0.48203150178247195 0.4860058829478654 0.48997654804006074 0.49394346556691171 0.49790660403627313 0.5018659319559986 0.50582141783394308 0.50977303017796027 0.51372073749590463 0.51766450829563049 0.52160431108499195 0.52554011437184334 0.52947188666403899 0.53339959646943291 0.53731343283582089 0.54123270567677828 0.54514741169666447 0.54905758802335325 0.55296327178471871 0.55686450010863431 0.56076131012297414 0.56465373895561188 0.56854182373442153 0.57242560158727707 0.57630510964205195 0.58018038502662039 0.58405146486885584 0.58791838629663262 0.59178118643782418 0.5956399024203044 0.59949457137194739 0.60334523042062682 0.6071919166942169 0.61103466732059086 0.61487351942762269 0.61870851014318651 0.62253967659515597 0.62636705591140496 0.63019068521980748 0.6340106016482373 0.63782684232456788 0.64163944437667342 0.64544844493242781 0.64925388111970483 0.65305579006637826 0.6568542089003222 0.6606491747494101 0.66444072474151616 0.66822889600451396 0.67201372566627748 0.67579525085468062 0.67957350869759681 0.68334853632290071 0.68712037085846545 0.69088904943216478 0.69465460917187327 0.69841708720546425 0.7021765206608116 0.70593294666578932 0.70968640234827107 0.71343692483613119 0.71718455125724279 0.72092931873948018 0.72467126441071705 0.7284104253988275 0.73214683883168485 0.73588054183716367 0.73961157154313695 0.74333996507747913 0.74706575956806409 0.75078899214276507 0.75450969992945671 0.75822792005601236 0.76194368965030612 0.76565704584021177 0.76936802575360286 0.77307666651835349 0.77678300526233757 0.78048707911342874 0.78418892519950123 0.78788858064842837 0.79158608258808438 0.79528146814634293 0.79897477445107778 0.80266603863016317 0.80635529781147253 0.81004258912287996 0.81372794969225903 0.81741141664748396 0.82109302711642829 0.82477281822696602 0.82845082710697104 0.83212709088431691 0.83580164668687784 0.83947453164252739 0.84314578287913955 0.84681543752458821 0.85048353270674704 0.85415010555349002 0.85781519319269095 0.86147883275222381 0.86514106135996216 0.86880191614378011 0.87246143423155154 0.87611965275114989 0.87977660883044928 0.88343233959732381 0.88708688217964693 0.89074027370529263 0.89439255130213469 0.89804375209804699 0.90169391322090364 0.90534307179857798 0.90899126495894433 0.91263852982987614 0.91628490353924752 0.91993042321493224 0.92357512598480429 0.92721904897673713 0.93086222931860485 0.93450470413828146 0.93814651056364062 0.94178768572255611 0.94542826674290181 0.94906829075255184 0.95270779487937962 0.95634681625125917 0.95998539199606447 0.9636235592416692 0.96726135511594735 0.97089881674677248 0.97453598126201879 0.97817288578955996 0.98180956745726988 0.98544606339302221 0.98908241072469094 0.99271864658015008 0.99635480808727328 1)))
(GimpDeviceInfo "Virtual core XTEST pointer"
    (icon-name "gimp-cursor")
    (name "Virtual core XTEST pointer")
    (tool-options "GimpCropOptions"
        (tool "gimp-crop-tool")
        (pattern "Pine"))
    (use-fg-bg yes)
    (use-opacity-paint-mode no)
    (use-brush no)
    (use-dynamics no)
    (use-mypaint-brush no)
    (use-gradient no)
    (use-pattern yes)
    (use-palette no)
    (use-font no)
    (mode screen)
    (axes 2 x y)
    (keys 0)
    (pressure-curve
        (curve-type smooth)
        (points 6 0 0 0.4962900630197904 0.51865671641791056 1 1)
        (point-types 3 smooth smooth smooth)
        (n-samples 256)
        (samples 256 0 0.0041866672480257655 0.008373301390945562 0.01255986932365342 0.016746337941043365 0.020932674138009436 0.025118844809445661 0.029304816850246072 0.03349055715530469 0.037676032619515562 0.041861210137772706 0.04604605660497018 0.050230538916001946 0.054414623965762118 0.058598278649144672 0.062781469861043659 0.066964164496353104 0.071146329449967058 0.075327931616779517 0.07950893789168452 0.083689315169576117 0.08786903034534832 0.092048050313895194 0.096226341970110707 0.10040387220888897 0.10458060792512393 0.10875651601370967 0.11293156336954019 0.11710571688750954 0.12127894346251174 0.12545120998944093 0.12962248336319096 0.13379273047865592 0.13796191823072987 0.1421300135143069 0.14629698322428089 0.15046279425554601 0.15462741350299622 0.15879080786152555 0.1629529442260281 0.16711378949139777 0.1712733105525287 0.17543147430431483 0.17958824764165041 0.1837435974594292 0.18789749065254532 0.19204989411589279 0.19620077474436579 0.2003500994328582 0.20449783507626404 0.20864394856947738 0.21278840680739231 0.21693117668490275 0.22107222509690283 0.22521151893828645 0.22934902510394783 0.23348471048878086 0.23761854198767962 0.24175048649553812 0.24588051090725038 0.25000858211771054 0.25413466702181242 0.2582587325144502 0.26238074549051793 0.26650067284490958 0.27061848147251921 0.27473413826824078 0.27884761012696835 0.2829588639435961 0.28706786661301786 0.29117458503012772 0.29527898608981973 0.29938103668698796 0.30348070371652636 0.30757795407332905 0.31167275465228994 0.31576507234830326 0.31985487405626278 0.32394212667106276 0.32802679708759708 0.3321088522007597 0.33618825890544501 0.34026498409654665 0.3443389946689589 0.34841025751757559 0.35247873953729097 0.35654440762299894 0.36060722866959355 0.36466716957196882 0.3687241972250187 0.37277827852363743 0.37682938036271879 0.38087746963715707 0.38492251324184612 0.38896447807168005 0.39300333102155294 0.39703903898635856 0.40107156886099127 0.4051008875403449 0.40912696191931353 0.41314975889279126 0.41716924535567201 0.42118538820284979 0.42519815432921881 0.42920751062967299 0.43321342399910623 0.43721586133241286 0.44121478952448667 0.44521017547022179 0.44920198606451228 0.45319018820225199 0.45717474877833514 0.46115563468765558 0.46513281282510754 0.46910625008558504 0.47307591336398203 0.47704176955519251 0.48100378555411055 0.48496192825563017 0.48891616455464543 0.49286646134605033 0.4968127855247389 0.5007551039856053 0.50469338362354321 0.50862759133344704 0.51255769401021067 0.51648365854872813 0.51865671641791056 0.52257625679129138 0.52649176176559265 0.53040326300440521 0.53431079217132016 0.53821438092992802 0.54211406094382009 0.54600986387658668 0.54990182139181931 0.55378996515310863 0.55767432682404539 0.56155493806822088 0.56543183054922541 0.56930503593065018 0.5731745858760865 0.57704051204912465 0.58090284611335574 0.58476161973237073 0.58861686456976026 0.59246861228911551 0.59631689455402748 0.60016174302808667 0.60400318937488429 0.60784126525801119 0.61167600234105801 0.61550743228761595 0.61933558676127587 0.6231604974256284 0.62698219594426463 0.63080071398077553 0.63461608319875173 0.63842833526178466 0.64223750183346484 0.6460436145773828 0.64984670515713017 0.65364680523629726 0.65744394647847526 0.66123816054725515 0.66502947910622756 0.66881793381898358 0.67260355634911384 0.67638637836020987 0.68016643151586165 0.68394374747966091 0.68771835791519786 0.69149029448606403 0.69525958885584982 0.69902627268814621 0.70279037764654451 0.70655193539463501 0.71031097759600925 0.71406753591425731 0.71782164201297094 0.72157332755574022 0.72532262420615712 0.72906956362781128 0.73281417748429434 0.73655649743919738 0.74029655515611037 0.74403438229862551 0.74777001053033243 0.751503471514823 0.75523479691568729 0.75896401839651706 0.76269116762090228 0.76641627625243458 0.77013937595470461 0.77386049839130322 0.77757967522582128 0.78129693812184986 0.78501231874297961 0.78872584875280138 0.79243755981490649 0.79614748359288556 0.79985565175032947 0.80356209595082928 0.80726684785797553 0.81096993913535931 0.8146714014465718 0.81837126645520342 0.82206956582484536 0.82576633121908849 0.82946159430152377 0.83315538673574174 0.83684774018533359 0.84053868631389039 0.84422825678500257 0.84791648326226121 0.8516033974092575 0.85528903088958197 0.8589734153668257 0.86265658250457944 0.86633856396643416 0.87001939141598084 0.8736990965168101 0.87737771093251338 0.88105526632668096 0.88473179436290417 0.88840732670477363 0.89208189501588042 0.8957555309598153 0.89942826620016925 0.90310013240053311 0.90677116122449797 0.91044138433565436 0.91411083339759336 0.91777954007390616 0.92144753602818319 0.92511485292401552 0.92878152242499412 0.93244757619470986 0.93611304589675348 0.93977796319471596 0.94344235975218826 0.94710626723276148 0.95076971730002591 0.95443274161757319 0.95809537184899352 0.96175763965787842 0.96541957670781842 0.96908121466240438 0.97274258518522738 0.97640371993987807 0.98006465058994763 0.9837254087990267 0.98738602623070648 0.99104653454857761 0.99470696541623105 1)))
(GimpDeviceInfo "PixArt USB Optical Mouse"
    (icon-name "gimp-cursor")
    (name "PixArt USB Optical Mouse")
    (tool-options "GimpPaintOptions"
        (tool "gimp-paintbrush-tool")
        (foreground (color-rgb 0.93246753246753245 0.28787828857033004 0.18391228149013619))
        (opacity 0.66200000000000003)
        (brush "2. Hardness 100")
        (dynamics "Basic Simple")
        (gradient "Standard")
        (palette "Standard")
        (brush-size 359)
        (brush-spacing 0.02)
        (brush-hardness 0.040000000000000001)
        (brush-force 0.67000000000000004))
    (use-fg-bg yes)
    (use-opacity-paint-mode no)
    (use-brush yes)
    (use-dynamics yes)
    (use-mypaint-brush no)
    (use-gradient yes)
    (use-pattern no)
    (use-palette yes)
    (use-font no)
    (mode screen)
    (axes 4 x y pressure xtilt)
    (keys 0)
    (pressure-curve
        (curve-type smooth)
        (points 0)
        (point-types 0)
        (n-samples 256)
        (samples 256 0 0.0039215686274509803 0.0078431372549019607 0.011764705882352941 0.015686274509803921 0.019607843137254902 0.023529411764705882 0.027450980392156862 0.031372549019607843 0.035294117647058823 0.039215686274509803 0.043137254901960784 0.047058823529411764 0.050980392156862744 0.054901960784313725 0.058823529411764705 0.062745098039215685 0.066666666666666666 0.070588235294117646 0.074509803921568626 0.078431372549019607 0.082352941176470587 0.086274509803921567 0.090196078431372548 0.094117647058823528 0.098039215686274508 0.10196078431372549 0.10588235294117647 0.10980392156862745 0.11372549019607843 0.11764705882352941 0.12156862745098039 0.12549019607843137 0.12941176470588237 0.13333333333333333 0.13725490196078433 0.14117647058823529 0.14509803921568629 0.14901960784313725 0.15294117647058825 0.15686274509803921 0.16078431372549021 0.16470588235294117 0.16862745098039217 0.17254901960784313 0.17647058823529413 0.1803921568627451 0.18431372549019609 0.18823529411764706 0.19215686274509805 0.19607843137254902 0.20000000000000001 0.20392156862745098 0.20784313725490197 0.21176470588235294 0.21568627450980393 0.2196078431372549 0.22352941176470589 0.22745098039215686 0.23137254901960785 0.23529411764705882 0.23921568627450981 0.24313725490196078 0.24705882352941178 0.25098039215686274 0.25490196078431371 0.25882352941176473 0.2627450980392157 0.26666666666666666 0.27058823529411763 0.27450980392156865 0.27843137254901962 0.28235294117647058 0.28627450980392155 0.29019607843137257 0.29411764705882354 0.29803921568627451 0.30196078431372547 0.30588235294117649 0.30980392156862746 0.31372549019607843 0.31764705882352939 0.32156862745098042 0.32549019607843138 0.32941176470588235 0.33333333333333331 0.33725490196078434 0.3411764705882353 0.34509803921568627 0.34901960784313724 0.35294117647058826 0.35686274509803922 0.36078431372549019 0.36470588235294116 0.36862745098039218 0.37254901960784315 0.37647058823529411 0.38039215686274508 0.3843137254901961 0.38823529411764707 0.39215686274509803 0.396078431372549 0.40000000000000002 0.40392156862745099 0.40784313725490196 0.41176470588235292 0.41568627450980394 0.41960784313725491 0.42352941176470588 0.42745098039215684 0.43137254901960786 0.43529411764705883 0.4392156862745098 0.44313725490196076 0.44705882352941179 0.45098039215686275 0.45490196078431372 0.45882352941176469 0.46274509803921571 0.46666666666666667 0.47058823529411764 0.47450980392156861 0.47843137254901963 0.4823529411764706 0.48627450980392156 0.49019607843137253 0.49411764705882355 0.49803921568627452 0.50196078431372548 0.50588235294117645 0.50980392156862742 0.51372549019607838 0.51764705882352946 0.52156862745098043 0.52549019607843139 0.52941176470588236 0.53333333333333333 0.53725490196078429 0.54117647058823526 0.54509803921568623 0.5490196078431373 0.55294117647058827 0.55686274509803924 0.5607843137254902 0.56470588235294117 0.56862745098039214 0.5725490196078431 0.57647058823529407 0.58039215686274515 0.58431372549019611 0.58823529411764708 0.59215686274509804 0.59607843137254901 0.59999999999999998 0.60392156862745094 0.60784313725490191 0.61176470588235299 0.61568627450980395 0.61960784313725492 0.62352941176470589 0.62745098039215685 0.63137254901960782 0.63529411764705879 0.63921568627450975 0.64313725490196083 0.6470588235294118 0.65098039215686276 0.65490196078431373 0.6588235294117647 0.66274509803921566 0.66666666666666663 0.6705882352941176 0.67450980392156867 0.67843137254901964 0.68235294117647061 0.68627450980392157 0.69019607843137254 0.69411764705882351 0.69803921568627447 0.70196078431372544 0.70588235294117652 0.70980392156862748 0.71372549019607845 0.71764705882352942 0.72156862745098038 0.72549019607843135 0.72941176470588232 0.73333333333333328 0.73725490196078436 0.74117647058823533 0.74509803921568629 0.74901960784313726 0.75294117647058822 0.75686274509803919 0.76078431372549016 0.76470588235294112 0.7686274509803922 0.77254901960784317 0.77647058823529413 0.7803921568627451 0.78431372549019607 0.78823529411764703 0.792156862745098 0.79607843137254897 0.80000000000000004 0.80392156862745101 0.80784313725490198 0.81176470588235294 0.81568627450980391 0.81960784313725488 0.82352941176470584 0.82745098039215681 0.83137254901960789 0.83529411764705885 0.83921568627450982 0.84313725490196079 0.84705882352941175 0.85098039215686272 0.85490196078431369 0.85882352941176465 0.86274509803921573 0.8666666666666667 0.87058823529411766 0.87450980392156863 0.8784313725490196 0.88235294117647056 0.88627450980392153 0.8901960784313725 0.89411764705882357 0.89803921568627454 0.90196078431372551 0.90588235294117647 0.90980392156862744 0.9137254901960784 0.91764705882352937 0.92156862745098034 0.92549019607843142 0.92941176470588238 0.93333333333333335 0.93725490196078431 0.94117647058823528 0.94509803921568625 0.94901960784313721 0.95294117647058818 0.95686274509803926 0.96078431372549022 0.96470588235294119 0.96862745098039216 0.97254901960784312 0.97647058823529409 0.98039215686274506 0.98431372549019602 0.9882352941176471 0.99215686274509807 0.99607843137254903 1)))
(GimpDeviceInfo "PixA琀 USB Optical Mouse"
    (icon-name "gimp-cursor")
    (name "PixA琀 USB Optical Mouse")
    (tool-options "GimpRectangleSelectOptions"
        (tool "gimp-rect-select-tool"))
    (use-fg-bg no)
    (use-opacity-paint-mode no)
    (use-brush no)
    (use-dynamics no)
    (use-mypaint-brush no)
    (use-gradient no)
    (use-pattern no)
    (use-palette no)
    (use-font no)
    (mode screen)
    (axes 4 x y pressure xtilt)
    (keys 0)
    (pressure-curve
        (curve-type smooth)
        (points 0)
        (point-types 0)
        (n-samples 256)
        (samples 256 0 0.0039215686274509803 0.0078431372549019607 0.011764705882352941 0.015686274509803921 0.019607843137254902 0.023529411764705882 0.027450980392156862 0.031372549019607843 0.035294117647058823 0.039215686274509803 0.043137254901960784 0.047058823529411764 0.050980392156862744 0.054901960784313725 0.058823529411764705 0.062745098039215685 0.066666666666666666 0.070588235294117646 0.074509803921568626 0.078431372549019607 0.082352941176470587 0.086274509803921567 0.090196078431372548 0.094117647058823528 0.098039215686274508 0.10196078431372549 0.10588235294117647 0.10980392156862745 0.11372549019607843 0.11764705882352941 0.12156862745098039 0.12549019607843137 0.12941176470588237 0.13333333333333333 0.13725490196078433 0.14117647058823529 0.14509803921568629 0.14901960784313725 0.15294117647058825 0.15686274509803921 0.16078431372549021 0.16470588235294117 0.16862745098039217 0.17254901960784313 0.17647058823529413 0.1803921568627451 0.18431372549019609 0.18823529411764706 0.19215686274509805 0.19607843137254902 0.20000000000000001 0.20392156862745098 0.20784313725490197 0.21176470588235294 0.21568627450980393 0.2196078431372549 0.22352941176470589 0.22745098039215686 0.23137254901960785 0.23529411764705882 0.23921568627450981 0.24313725490196078 0.24705882352941178 0.25098039215686274 0.25490196078431371 0.25882352941176473 0.2627450980392157 0.26666666666666666 0.27058823529411763 0.27450980392156865 0.27843137254901962 0.28235294117647058 0.28627450980392155 0.29019607843137257 0.29411764705882354 0.29803921568627451 0.30196078431372547 0.30588235294117649 0.30980392156862746 0.31372549019607843 0.31764705882352939 0.32156862745098042 0.32549019607843138 0.32941176470588235 0.33333333333333331 0.33725490196078434 0.3411764705882353 0.34509803921568627 0.34901960784313724 0.35294117647058826 0.35686274509803922 0.36078431372549019 0.36470588235294116 0.36862745098039218 0.37254901960784315 0.37647058823529411 0.38039215686274508 0.3843137254901961 0.38823529411764707 0.39215686274509803 0.396078431372549 0.40000000000000002 0.40392156862745099 0.40784313725490196 0.41176470588235292 0.41568627450980394 0.41960784313725491 0.42352941176470588 0.42745098039215684 0.43137254901960786 0.43529411764705883 0.4392156862745098 0.44313725490196076 0.44705882352941179 0.45098039215686275 0.45490196078431372 0.45882352941176469 0.46274509803921571 0.46666666666666667 0.47058823529411764 0.47450980392156861 0.47843137254901963 0.4823529411764706 0.48627450980392156 0.49019607843137253 0.49411764705882355 0.49803921568627452 0.50196078431372548 0.50588235294117645 0.50980392156862742 0.51372549019607838 0.51764705882352946 0.52156862745098043 0.52549019607843139 0.52941176470588236 0.53333333333333333 0.53725490196078429 0.54117647058823526 0.54509803921568623 0.5490196078431373 0.55294117647058827 0.55686274509803924 0.5607843137254902 0.56470588235294117 0.56862745098039214 0.5725490196078431 0.57647058823529407 0.58039215686274515 0.58431372549019611 0.58823529411764708 0.59215686274509804 0.59607843137254901 0.59999999999999998 0.60392156862745094 0.60784313725490191 0.61176470588235299 0.61568627450980395 0.61960784313725492 0.62352941176470589 0.62745098039215685 0.63137254901960782 0.63529411764705879 0.63921568627450975 0.64313725490196083 0.6470588235294118 0.65098039215686276 0.65490196078431373 0.6588235294117647 0.66274509803921566 0.66666666666666663 0.6705882352941176 0.67450980392156867 0.67843137254901964 0.68235294117647061 0.68627450980392157 0.69019607843137254 0.69411764705882351 0.69803921568627447 0.70196078431372544 0.70588235294117652 0.70980392156862748 0.71372549019607845 0.71764705882352942 0.72156862745098038 0.72549019607843135 0.72941176470588232 0.73333333333333328 0.73725490196078436 0.74117647058823533 0.74509803921568629 0.74901960784313726 0.75294117647058822 0.75686274509803919 0.76078431372549016 0.76470588235294112 0.7686274509803922 0.77254901960784317 0.77647058823529413 0.7803921568627451 0.78431372549019607 0.78823529411764703 0.792156862745098 0.79607843137254897 0.80000000000000004 0.80392156862745101 0.80784313725490198 0.81176470588235294 0.81568627450980391 0.81960784313725488 0.82352941176470584 0.82745098039215681 0.83137254901960789 0.83529411764705885 0.83921568627450982 0.84313725490196079 0.84705882352941175 0.85098039215686272 0.85490196078431369 0.85882352941176465 0.86274509803921573 0.8666666666666667 0.87058823529411766 0.87450980392156863 0.8784313725490196 0.88235294117647056 0.88627450980392153 0.8901960784313725 0.89411764705882357 0.89803921568627454 0.90196078431372551 0.90588235294117647 0.90980392156862744 0.9137254901960784 0.91764705882352937 0.92156862745098034 0.92549019607843142 0.92941176470588238 0.93333333333333335 0.93725490196078431 0.94117647058823528 0.94509803921568625 0.94901960784313721 0.95294117647058818 0.95686274509803926 0.96078431372549022 0.96470588235294119 0.96862745098039216 0.97254901960784312 0.97647058823529409 0.98039215686274506 0.98431372549019602 0.9882352941176471 0.99215686274509807 0.99607843137254903 1)))
(GimpDeviceInfo "USB Optical Mouse"
    (icon-name "gimp-cursor")
    (name "USB Optical Mouse")
    (tool-options "GimpMoveOptions"
        (tool "gimp-move-tool")
        (move-current yes))
    (use-fg-bg no)
    (use-opacity-paint-mode no)
    (use-brush no)
    (use-dynamics no)
    (use-mypaint-brush no)
    (use-gradient no)
    (use-pattern no)
    (use-palette no)
    (use-font no)
    (mode screen)
    (axes 4 x y pressure xtilt)
    (keys 0)
    (pressure-curve
        (curve-type smooth)
        (points 0)
        (point-types 0)
        (n-samples 256)
        (samples 256 0 0.0039215686274509803 0.0078431372549019607 0.011764705882352941 0.015686274509803921 0.019607843137254902 0.023529411764705882 0.027450980392156862 0.031372549019607843 0.035294117647058823 0.039215686274509803 0.043137254901960784 0.047058823529411764 0.050980392156862744 0.054901960784313725 0.058823529411764705 0.062745098039215685 0.066666666666666666 0.070588235294117646 0.074509803921568626 0.078431372549019607 0.082352941176470587 0.086274509803921567 0.090196078431372548 0.094117647058823528 0.098039215686274508 0.10196078431372549 0.10588235294117647 0.10980392156862745 0.11372549019607843 0.11764705882352941 0.12156862745098039 0.12549019607843137 0.12941176470588237 0.13333333333333333 0.13725490196078433 0.14117647058823529 0.14509803921568629 0.14901960784313725 0.15294117647058825 0.15686274509803921 0.16078431372549021 0.16470588235294117 0.16862745098039217 0.17254901960784313 0.17647058823529413 0.1803921568627451 0.18431372549019609 0.18823529411764706 0.19215686274509805 0.19607843137254902 0.20000000000000001 0.20392156862745098 0.20784313725490197 0.21176470588235294 0.21568627450980393 0.2196078431372549 0.22352941176470589 0.22745098039215686 0.23137254901960785 0.23529411764705882 0.23921568627450981 0.24313725490196078 0.24705882352941178 0.25098039215686274 0.25490196078431371 0.25882352941176473 0.2627450980392157 0.26666666666666666 0.27058823529411763 0.27450980392156865 0.27843137254901962 0.28235294117647058 0.28627450980392155 0.29019607843137257 0.29411764705882354 0.29803921568627451 0.30196078431372547 0.30588235294117649 0.30980392156862746 0.31372549019607843 0.31764705882352939 0.32156862745098042 0.32549019607843138 0.32941176470588235 0.33333333333333331 0.33725490196078434 0.3411764705882353 0.34509803921568627 0.34901960784313724 0.35294117647058826 0.35686274509803922 0.36078431372549019 0.36470588235294116 0.36862745098039218 0.37254901960784315 0.37647058823529411 0.38039215686274508 0.3843137254901961 0.38823529411764707 0.39215686274509803 0.396078431372549 0.40000000000000002 0.40392156862745099 0.40784313725490196 0.41176470588235292 0.41568627450980394 0.41960784313725491 0.42352941176470588 0.42745098039215684 0.43137254901960786 0.43529411764705883 0.4392156862745098 0.44313725490196076 0.44705882352941179 0.45098039215686275 0.45490196078431372 0.45882352941176469 0.46274509803921571 0.46666666666666667 0.47058823529411764 0.47450980392156861 0.47843137254901963 0.4823529411764706 0.48627450980392156 0.49019607843137253 0.49411764705882355 0.49803921568627452 0.50196078431372548 0.50588235294117645 0.50980392156862742 0.51372549019607838 0.51764705882352946 0.52156862745098043 0.52549019607843139 0.52941176470588236 0.53333333333333333 0.53725490196078429 0.54117647058823526 0.54509803921568623 0.5490196078431373 0.55294117647058827 0.55686274509803924 0.5607843137254902 0.56470588235294117 0.56862745098039214 0.5725490196078431 0.57647058823529407 0.58039215686274515 0.58431372549019611 0.58823529411764708 0.59215686274509804 0.59607843137254901 0.59999999999999998 0.60392156862745094 0.60784313725490191 0.61176470588235299 0.61568627450980395 0.61960784313725492 0.62352941176470589 0.62745098039215685 0.63137254901960782 0.63529411764705879 0.63921568627450975 0.64313725490196083 0.6470588235294118 0.65098039215686276 0.65490196078431373 0.6588235294117647 0.66274509803921566 0.66666666666666663 0.6705882352941176 0.67450980392156867 0.67843137254901964 0.68235294117647061 0.68627450980392157 0.69019607843137254 0.69411764705882351 0.69803921568627447 0.70196078431372544 0.70588235294117652 0.70980392156862748 0.71372549019607845 0.71764705882352942 0.72156862745098038 0.72549019607843135 0.72941176470588232 0.73333333333333328 0.73725490196078436 0.74117647058823533 0.74509803921568629 0.74901960784313726 0.75294117647058822 0.75686274509803919 0.76078431372549016 0.76470588235294112 0.7686274509803922 0.77254901960784317 0.77647058823529413 0.7803921568627451 0.78431372549019607 0.78823529411764703 0.792156862745098 0.79607843137254897 0.80000000000000004 0.80392156862745101 0.80784313725490198 0.81176470588235294 0.81568627450980391 0.81960784313725488 0.82352941176470584 0.82745098039215681 0.83137254901960789 0.83529411764705885 0.83921568627450982 0.84313725490196079 0.84705882352941175 0.85098039215686272 0.85490196078431369 0.85882352941176465 0.86274509803921573 0.8666666666666667 0.87058823529411766 0.87450980392156863 0.8784313725490196 0.88235294117647056 0.88627450980392153 0.8901960784313725 0.89411764705882357 0.89803921568627454 0.90196078431372551 0.90588235294117647 0.90980392156862744 0.9137254901960784 0.91764705882352937 0.92156862745098034 0.92549019607843142 0.92941176470588238 0.93333333333333335 0.93725490196078431 0.94117647058823528 0.94509803921568625 0.94901960784313721 0.95294117647058818 0.95686274509803926 0.96078431372549022 0.96470588235294119 0.96862745098039216 0.97254901960784312 0.97647058823529409 0.98039215686274506 0.98431372549019602 0.9882352941176471 0.99215686274509807 0.99607843137254903 1)))
(GimpDeviceInfo "Wacom Intuos Pro M Finger touch"
    (name "Wacom Intuos Pro M Finger touch")
    (tool-options "GimpPaintOptions"
        (tool "gimp-paintbrush-tool")
        (foreground (color-rgb 0.38402702359026097 0 1))
        (brush "2. Hardness 100")
        (dynamics "Basic Simple")
        (gradient "Standard")
        (palette "Standard")
        (brush-size 44)
        (brush-spacing 0.02)
        (brush-hardness 0.46000000000000002)
        (brush-force 1))
    (use-fg-bg yes)
    (use-opacity-paint-mode no)
    (use-brush yes)
    (use-dynamics yes)
    (use-mypaint-brush no)
    (use-gradient yes)
    (use-pattern no)
    (use-palette yes)
    (use-font no)
    (mode screen)
    (axes 6 x y pressure xtilt ytilt wheel)
    (keys 248 "" "" "" "" "" "" "" "" "" "" "" "" "" "" "" "" "" "" "" "" "" "" "" "" "" "" "" "" "" "" "" "" "" "" "" "" "" "" "" "" "" "" "" "" "" "" "" "" "" "" "" "" "" "" "" "" "" "" "" "" "" "" "" "" "" "" "" "" "" "" "" "" "" "" "" "" "" "" "" "" "" "" "" "" "" "" "" "" "" "" "" "" "" "" "" "" "" "" "" "" "" "" "" "" "" "" "" "" "" "" "" "" "" "" "" "" "" "" "" "" "" "" "" "" "" "" "" "" "" "" "" "" "" "" "" "" "" "" "" "" "" "" "" "" "" "" "" "" "" "" "" "" "" "" "" "" "" "" "" "" "" "" "" "" "" "" "" "" "" "" "" "" "" "" "" "" "" "" "" "" "" "" "" "" "" "" "" "" "" "" "" "" "" "" "" "" "" "" "" "" "" "" "" "" "" "" "" "" "" "" "" "" "" "" "" "" "" "" "" "" "" "" "" "" "" "" "" "" "" "" "" "" "" "" "" "" "" "" "" "" "" "" "" "" "" "" "" "")
    (pressure-curve
        (curve-type smooth)
        (points 6 0 0 0.48931116389548696 0.52985074626865669 1 1)
        (point-types 3 smooth smooth smooth)
        (n-samples 256)
        (samples 256 0 0.004408912966727685 0.0088177633262079332 0.013226488471193301 0.017635025794436345 0.022043312688689625 0.026451286546705713 0.030858884761237163 0.03526604472503652 0.039672703830856373 0.044078799471449256 0.048484269039567741 0.052889049927964393 0.057293079529391756 0.061696295236602409 0.066098634442348869 0.070500034539383763 0.0749004329204596 0.079299766978328953 0.083697974105744422 0.08809499169545848 0.09249075714022377 0.096885207832792808 0.10127828116591817 0.10566991453235242 0.1100600453248481 0.1144486109361578 0.11883554875903403 0.12322079618622936 0.12760429061049638 0.13198596942458768 0.13636577002125577 0.14074362979325314 0.14511948613333253 0.14949327643424637 0.15386493808874727 0.15823440848958764 0.16260162502952036 0.1669665251012977 0.17132904609767233 0.17568912541139672 0.18004670043522358 0.18440170856190544 0.18875408718419479 0.19310377369484419 0.19745070548660626 0.20179481995223353 0.20613605448447855 0.21047434647609389 0.21480963331983208 0.21914185240844575 0.22347094113468741 0.22779683689130958 0.23211947707106495 0.23643879906670598 0.24075474027098523 0.24506723807665523 0.24937622987646865 0.25368165306317797 0.2579834450295358 0.26228154316829466 0.26657588487220707 0.27086640753402569 0.27515304854650291 0.27943574530239157 0.28371443519444395 0.28798905561541277 0.29225954395805059 0.29652583761510992 0.30078787397934326 0.30504559044350332 0.30929892440034257 0.31354781324261344 0.31779219436306883 0.32203200515446095 0.32626718300954261 0.33049766532106623 0.33472338948178437 0.33894429288444966 0.3431603129218147 0.34737138698663178 0.35157745247165378 0.35577844676963311 0.35997430727332247 0.36416497137547416 0.36835037646884095 0.37253045994617534 0.37670515920022996 0.38087441162375713 0.38503815460950969 0.38919632555024009 0.39334886183870088 0.39749570086764463 0.40163678002982384 0.40577203671799122 0.40990140832489919 0.41402483224330033 0.41814224586594717 0.42225358658559242 0.42635879179498859 0.43045779888688812 0.43455054525404369 0.43863696828920778 0.44271700538513303 0.44679059393457188 0.45085767133027699 0.45491817496500098 0.45897204223149624 0.46301921052251549 0.46705961723081119 0.47109319974913588 0.47511989547024225 0.47913964178688268 0.48315237609180994 0.48715803577777639 0.49115655823753468 0.49514788086383738 0.49913194104943703 0.50310867618708621 0.50707802366953747 0.51103992088954331 0.51499430523985656 0.5189411141132293 0.52288028490241456 0.52681175500016453 0.52985074626865669 0.53376873834554417 0.53767961403428377 0.54158342840434526 0.54548023652519761 0.54937009346631027 0.55325305429715277 0.55712917408719431 0.56099850790590433 0.56486111082275192 0.56871703790720673 0.57256634422873776 0.57640908485681486 0.58024531486090691 0.58407508931048358 0.58789846327501383 0.59171549182396721 0.59552623002681326 0.59933073295302119 0.6031290556720601 0.60692125325339952 0.61070738076650888 0.6144874932808575 0.61826164586591459 0.62202989359114969 0.62579229152603189 0.62954889474003084 0.63329975830261553 0.63704493728325562 0.64078448675142008 0.64451846177657879 0.64824691742820051 0.65196990877575522 0.6556874908887117 0.65939971883653947 0.6631066476887082 0.66680833251468652 0.67050482838394454 0.67419619036595124 0.67788247353017583 0.68156373294608796 0.68524002368315673 0.68891140081085156 0.69257791939864177 0.69623963451599691 0.69989660123238606 0.70354887461727877 0.70719650974014414 0.71083956167045181 0.71447808547767067 0.71811213623127057 0.72174176900072051 0.72536703885549014 0.72898800086504856 0.73260471009886508 0.73621722162640946 0.73982559051715036 0.74342987184055753 0.74703012066610053 0.75062639206324822 0.75421874110147025 0.75780722285023583 0.76139189237901461 0.76497280475727525 0.76855001505448783 0.77212357834012146 0.77569354968364512 0.77925998415452868 0.78282293682224113 0.78638246275625201 0.78993861702603041 0.7934914547010461 0.79704103085076805 0.80058740054466582 0.80413061885220849 0.80767074084286572 0.81120782158610671 0.81474191615140068 0.81827307960821716 0.82180136702602546 0.82532683347429481 0.82884953402249473 0.83236952374009454 0.83588685769656346 0.83940159096137068 0.84291377860398586 0.84642347569387832 0.84993073730051738 0.85343561849337224 0.85693817434191222 0.86043845991560675 0.86393653028392547 0.86743244051633717 0.87092624568231169 0.87441800085131793 0.87790776109282564 0.88139558147630392 0.88488151707122209 0.88836562294704957 0.8918479541732558 0.8953285658193102 0.89880751295468164 0.90228485064884001 0.90576063397125428 0.90923491799139389 0.91270775777872826 0.91617920840272671 0.91964932493285856 0.92311816243859324 0.92658577598939984 0.93005222065474813 0.93351755150410709 0.93698182360694604 0.94044509203273463 0.94390741185094207 0.94736883813103745 0.95082942594249054 0.95428923035477031 0.95774830643734643 0.96120670925968787 0.96466449389126441 0.96812171540154501 0.97157842885999923 0.97503468933609638 0.97849055189930578 0.98194607161909686 0.9854013035649386 0.98885630280630077 0.99231112441265268 0.99576582345346354 1)))
(GimpDeviceInfo "Wacom Intuos Pro M Pad pad"
    (name "Wacom Intuos Pro M Pad pad")
    (tool-options "GimpPaintOptions"
        (tool "gimp-paintbrush-tool")
        (foreground (color-rgb 0.30748947822118555 0.30748947822118555 0.30748947822118555))
        (brush "2. Hardness 100")
        (dynamics "Basic Simple")
        (gradient "Standard")
        (palette "Standard")
        (brush-size 4)
        (brush-spacing 0.02)
        (brush-hardness 0.46000000000000002)
        (brush-force 1))
    (use-fg-bg yes)
    (use-opacity-paint-mode no)
    (use-brush yes)
    (use-dynamics yes)
    (use-mypaint-brush no)
    (use-gradient yes)
    (use-pattern no)
    (use-palette yes)
    (use-font no)
    (mode screen)
    (axes 6 x y pressure xtilt ytilt wheel)
    (keys 248 "" "" "" "" "" "" "" "" "" "" "" "" "" "" "" "" "" "" "" "" "" "" "" "" "" "" "" "" "" "" "" "" "" "" "" "" "" "" "" "" "" "" "" "" "" "" "" "" "" "" "" "" "" "" "" "" "" "" "" "" "" "" "" "" "" "" "" "" "" "" "" "" "" "" "" "" "" "" "" "" "" "" "" "" "" "" "" "" "" "" "" "" "" "" "" "" "" "" "" "" "" "" "" "" "" "" "" "" "" "" "" "" "" "" "" "" "" "" "" "" "" "" "" "" "" "" "" "" "" "" "" "" "" "" "" "" "" "" "" "" "" "" "" "" "" "" "" "" "" "" "" "" "" "" "" "" "" "" "" "" "" "" "" "" "" "" "" "" "" "" "" "" "" "" "" "" "" "" "" "" "" "" "" "" "" "" "" "" "" "" "" "" "" "" "" "" "" "" "" "" "" "" "" "" "" "" "" "" "" "" "" "" "" "" "" "" "" "" "" "" "" "" "" "" "" "" "" "" "" "" "" "" "" "" "" "" "" "" "" "" "" "" "" "" "" "" "" "")
    (pressure-curve
        (curve-type smooth)
        (points 6 0 0 0.50118764845605701 0.55970149253731338 1 1)
        (point-types 3 smooth smooth smooth)
        (n-samples 256)
        (samples 256 0 0.0046083215023897612 0.0092165589120856411 0.01382462813639377 0.018432445082620267 0.02303992565807125 0.027646985770052843 0.032253541325871174 0.036859508232832371 0.041464802398242545 0.046069339729407799 0.050673036133634303 0.055275807518228137 0.059877569790495466 0.06447823885774237 0.069077730627275 0.073675961006399435 0.078272845902421867 0.082868301222648405 0.087462242874385102 0.092054586764938107 0.096645248801613584 0.10123414489171766 0.1058211909425564 0.11040630286143595 0.11498939655566248 0.11957038793254206 0.12414919289938081 0.12872572736348489 0.13329990723216031 0.13787164841271338 0.14244086681245011 0.14700747833867664 0.15157139889869908 0.15613254439982355 0.16069083074935625 0.16524617385460316 0.16979848962287045 0.17434769396146435 0.1788937027776909 0.18343643197885617 0.18797579747226636 0.19251171516522755 0.19704410096504599 0.20157287077902761 0.20609794051447866 0.21061922607870515 0.21513664337901336 0.21965010832270929 0.2241595368170991 0.22866484476948892 0.23316594808718488 0.23766276267749309 0.24215520444771962 0.24664318930517065 0.25112663315715233 0.25560545191097078 0.26007956147393202 0.26454887775334224 0.26901331665650752 0.27347279409073411 0.27792722596332808 0.28237652818159542 0.28682061665284242 0.29125940728437516 0.29569281598349972 0.30012075865752225 0.30454315121374875 0.3089599095594856 0.31337094960203871 0.31777618724871426 0.32217553840681845 0.32656891898365731 0.33095624488653697 0.33533743202276362 0.33971239629964328 0.34408105362448216 0.34844331990458632 0.35279911104726192 0.35714834295981501 0.36149093154955192 0.3658267927237786 0.37015584238980115 0.37447799645492574 0.37879317082645847 0.38310128141170563 0.38740224411797303 0.39169597485256702 0.39598238952279374 0.40026140403595922 0.40453293429936948 0.40879689622033089 0.41305320570614934 0.41730177866413121 0.42154253100158234 0.42577537862580905 0.43000023744411731 0.4342170233638134 0.43842565229220332 0.44262604013659335 0.44681810280428957 0.45100175620259786 0.45517691623882461 0.45934349882027581 0.46350141985425763 0.46765059524807623 0.47179094090903767 0.47592237274444804 0.48004480666161364 0.48415815856784028 0.48826234437043453 0.49235727997670209 0.49644288129394931 0.50051906422948211 0.50458574469060691 0.50864283858462955 0.51269026181885635 0.51672793030059339 0.52075575993714673 0.52477366663582248 0.52878156630392681 0.53277937484876592 0.53676700817764589 0.5407443821978728 0.5447114128167525 0.54866801594159165 0.55261410747969597 0.55654960333837189 0.55970149253731338 0.5636176504389997 0.56752304375565465 0.57141775778702653 0.57530187783286291 0.57917548919291129 0.58303867716691959 0.58689152705463576 0.59073412415580706 0.59456655377018186 0.59838890119750754 0.60220125173753158 0.60600369069000248 0.60979630335466717 0.6135791750312739 0.61735239101957029 0.62111603661930403 0.62487019713022307 0.62861495785207488 0.6323504040846073 0.63607662112756835 0.63979369428070554 0.64350170884376634 0.6472007501164988 0.65089090339865074 0.65457225398996999 0.6582448871902038 0.66190888829910055 0.6655643426164074 0.66921133544187261 0.67284995207524345 0.67648027781626807 0.68010239796469407 0.68371639782026905 0.68732236268274083 0.69092037785185756 0.69451052862736651 0.69809290030901527 0.70166757819655223 0.70523464758972476 0.70879419378828046 0.71234630209196714 0.71589105780053308 0.71942854621372554 0.722958852631292 0.72648206235298063 0.72999826067853935 0.73350753290771542 0.73700996434025667 0.74050564027591137 0.74399464601442677 0.74747706685555049 0.75095298809903055 0.75442249504461523 0.75788567299205112 0.76134260724108671 0.76479338309146971 0.76823808584294784 0.77167680079526879 0.77510961324818006 0.77853660850142936 0.78195787185476529 0.78537348860793477 0.78878354406068563 0.79218812351276602 0.79558731226392343 0.79898119561390557 0.80236985886246015 0.80575338730933499 0.80913186625427802 0.81250538099703684 0.81587401683735894 0.81923785907499247 0.82259699300968492 0.82595150394118422 0.82930147716923797 0.83264699799359398 0.83598815171400009 0.83932502363020378 0.84265769904195309 0.84598626324899551 0.84931080155107908 0.85263139924795128 0.85594814163935995 0.85926111402505301 0.86257040170477794 0.86587608997828269 0.86917826414531496 0.87247700950562224 0.87577241135895245 0.87906455500505354 0.88235352574367321 0.88563940887455894 0.88892228969745868 0.89220225351212012 0.89547938561829088 0.89875377131571899 0.90202549590415204 0.90529464468333787 0.90856130295302395 0.91182555601295834 0.91508748916288873 0.91834718770256263 0.92160473693172817 0.92486022215013275 0.92811372865752428 0.93136534175365049 0.93461514673825907 0.93786322891109797 0.94110967357191466 0.94435456602045709 0.94759799155647295 0.95084003547970997 0.95408078308991584 0.95732031968683851 0.96055873057022556 0.96379610103982472 0.96703251639538368 0.97026806193665027 0.97350282296337243 0.97673688477529774 0.97997033267217382 0.98320325195374858 0.98643572791976974 0.98966784586998502 0.992899691104142 0.99613134892198885 1)))
(GimpDeviceInfo "Wacom Intuos Pro M Pen cursor"
    (icon-name "gimp-tool-paintbrush")
    (name "Wacom Intuos Pro M Pen cursor")
    (tool-options "GimpPaintOptions"
        (tool "gimp-paintbrush-tool")
        (foreground (color-rgb 0.38402702359026097 0 1))
        (opacity 0.98999999999999999)
        (brush "2. Hardness 100")
        (dynamics "Basic Simple")
        (gradient "Standard")
        (palette "Standard")
        (brush-size 44)
        (brush-spacing 0.02)
        (brush-hardness 0.46000000000000002)
        (brush-force 1))
    (use-fg-bg yes)
    (use-opacity-paint-mode no)
    (use-brush yes)
    (use-dynamics yes)
    (use-mypaint-brush no)
    (use-gradient yes)
    (use-pattern no)
    (use-palette yes)
    (use-font no)
    (mode screen)
    (axes 6 x y pressure xtilt ytilt wheel)
    (keys 248 "" "" "" "" "" "" "" "" "" "" "" "" "" "" "" "" "" "" "" "" "" "" "" "" "" "" "" "" "" "" "" "" "" "" "" "" "" "" "" "" "" "" "" "" "" "" "" "" "" "" "" "" "" "" "" "" "" "" "" "" "" "" "" "" "" "" "" "" "" "" "" "" "" "" "" "" "" "" "" "" "" "" "" "" "" "" "" "" "" "" "" "" "" "" "" "" "" "" "" "" "" "" "" "" "" "" "" "" "" "" "" "" "" "" "" "" "" "" "" "" "" "" "" "" "" "" "" "" "" "" "" "" "" "" "" "" "" "" "" "" "" "" "" "" "" "" "" "" "" "" "" "" "" "" "" "" "" "" "" "" "" "" "" "" "" "" "" "" "" "" "" "" "" "" "" "" "" "" "" "" "" "" "" "" "" "" "" "" "" "" "" "" "" "" "" "" "" "" "" "" "" "" "" "" "" "" "" "" "" "" "" "" "" "" "" "" "" "" "" "" "" "" "" "" "" "" "" "" "" "" "" "" "" "" "" "" "" "" "" "" "" "" "" "" "" "" "" "")
    (pressure-curve
        (curve-type smooth)
        (points 6 0 0 0.47743467933491684 0.56343283582089532 1 1)
        (point-types 3 smooth smooth smooth)
        (n-samples 256)
        (samples 256 0 0.0049811065162634815 0.009962070061521909 0.014942747664770226 0.019922996355003383 0.024902673161216332 0.029881635112403993 0.034859739237561339 0.039836842565683303 0.044812802125764835 0.0497874749468009 0.054760718057786387 0.059732388487716309 0.064702343265585577 0.069670439420389141 0.074636533981121952 0.079600483976778935 0.084562146436355082 0.089521378388845274 0.094478036863244519 0.09943197888854774 0.10438306149374986 0.10933114170784583 0.11427607655983066 0.11921772307869921 0.12415593829344648 0.12909057923306741 0.1340215029265569 0.13894856640290995 0.14387162669112147 0.14879054082018642 0.15370516581909979 0.15861535871685647 0.16352097654245137 0.16842187632487954 0.17331791509313582 0.17820894987621527 0.18309483770311272 0.18797543560282323 0.19285060060434167 0.197720189736663 0.20258406002878213 0.20744206850969402 0.21229407220839366 0.21713992815387603 0.22197949337513603 0.22681262490116855 0.23163917976096859 0.23645901498353111 0.24127198759785098 0.24607795463292326 0.25087677311774287 0.25566830008130464 0.26045239255260361 0.26522890756063472 0.26999770213439289 0.2747586333028732 0.27951155809507033 0.28425633353997948 0.28899281666659549 0.29372086450391321 0.29844033408092785 0.30315108242663413 0.30785296657002703 0.31254584354010145 0.31722957036585248 0.32190400407627506 0.32656900170036401 0.33122442026711435 0.33587011680552104 0.34050594834457892 0.34513177191328304 0.34974744454062834 0.35435282325560979 0.35894776508722226 0.3635321270644607 0.36810576621632013 0.37266853957179547 0.37722030415988156 0.38176091700957354 0.38629023514986616 0.39080811560975448 0.39531441541823342 0.39980899160429795 0.40429170119694291 0.40876240122516344 0.41322094871795428 0.41766720070431057 0.4221010142132271 0.42652224627369895 0.43093075391472091 0.43532639416528801 0.43970902405439516 0.44407850061103737 0.44843468086420957 0.4527774218429067 0.45710658057612369 0.46142201409285533 0.46572357942209697 0.47001113359284319 0.47428453363408912 0.47854363657482957 0.48278829944405965 0.48701837927077413 0.49123373308396806 0.49543421791263631 0.49961969078577406 0.503790008732376 0.50794502878143699 0.51208460796195232 0.51620860330291674 0.5203168718333252 0.52440927058217268 0.52848565657845403 0.53254588685116433 0.53658981842929832 0.5406173083418514 0.54462821361781799 0.54862239128619328 0.55259969837597223 0.55655999191614969 0.56050312893572074 0.56343283582089532 0.56734715790111223 0.57124705957722421 0.57513264988477675 0.5790040378593152 0.58286133253638472 0.58670464295153102 0.59053407814029912 0.59434974713823419 0.59815175898088191 0.60194022270378733 0.60571524734249615 0.6094769419325532 0.61322541550950416 0.61696077710889408 0.62068313576626866 0.62439260051717271 0.62808928039715206 0.63177328444175185 0.63544472168651722 0.63910370116699367 0.64275033191872677 0.64638472297726135 0.65000698337814278 0.65361722215691676 0.65721554834912854 0.6608020709903234 0.66437689911604647 0.66794014176184291 0.67149190796325875 0.67503230675583881 0.67856144717512834 0.68207943825667261 0.68558638903601743 0.68908240854870795 0.69256760583028931 0.69604208991630689 0.69950596984230595 0.70295935464383208 0.70640235335643042 0.70983507501564624 0.71325762865702502 0.7166701233161118 0.72007266802845216 0.72346537182959147 0.7268483437550749 0.7302216928404478 0.73358552812125555 0.7369399586330434 0.74028509341135684 0.74362104149174091 0.74694791190974097 0.75026581370090273 0.75357485590077133 0.75687514754489182 0.76016679766880968 0.76344991530807038 0.76672460949821897 0.76999098927480114 0.77324916367336194 0.77649924172944684 0.77974133247860111 0.7829755449563699 0.78620198819829878 0.78942077123993315 0.79263200311681803 0.7958357928644989 0.79903224951852114 0.80222148211442967 0.80540359968777053 0.80857871127408854 0.81174692590892916 0.81490835262783756 0.81806310046635944 0.82121127846003983 0.8243529956444241 0.82748836105505752 0.83061748372748556 0.83374047269725338 0.83685743699990645 0.83996848567099003 0.84307372774604961 0.8461732722606301 0.84926722825027723 0.85235570475053613 0.85543881079695205 0.85851665542507061 0.86158934767043704 0.8646569965685964 0.86771971115509405 0.87077760046547592 0.8738307735352866 0.87687933940007157 0.87992340709537653 0.88296308565674653 0.8859984841197267 0.88902971151986254 0.89205687689269952 0.89508008927378302 0.89809945769865807 0.90111509120287003 0.90412709882196451 0.90713558959148655 0.91014067254698161 0.91314245672399474 0.91614105115807176 0.91913656488475759 0.92212910693959782 0.92511878635813749 0.92810571217592219 0.93108999342849708 0.93407173915140762 0.93705105838019898 0.94002806015041651 0.94300285349760582 0.94597554745731183 0.94894625106508013 0.95191507335645575 0.95488212336698419 0.95784751013221103 0.96081134268768131 0.96377373006894018 0.96673478131153334 0.96969460545100616 0.97265331152290357 0.97561100856277105 0.97856780560615397 0.9815238116885977 0.9844791358456475 0.98743388711284874 0.99038817452574657 0.99334210711988669 0.99629579393081413 1)))
(GimpDeviceInfo "Wacom Intuos Pro M Pen eraser"
    (icon-name "gimp-tool-eraser")
    (name "Wacom Intuos Pro M Pen eraser")
    (tool-options "GimpEraserOptions"
        (tool "gimp-eraser-tool")
        (foreground (color-rgb 0.043137256056070328 0.070588238537311554 0.14117647707462311))
        (background (color-rgb 0.043137256056070328 0.070588238537311554 0.14117647707462311))
        (brush "Звукова ручка")
        (dynamics "Dynamics Off")
        (palette "Standard")
        (brush-size 52)
        (brush-hardness 0.63)
        (brush-force 0.69999999999999996))
    (use-fg-bg yes)
    (use-opacity-paint-mode no)
    (use-brush yes)
    (use-dynamics yes)
    (use-mypaint-brush no)
    (use-gradient no)
    (use-pattern no)
    (use-palette yes)
    (use-font no)
    (mode screen)
    (axes 6 x y pressure xtilt ytilt wheel)
    (keys 248 "" "" "" "" "" "" "" "" "" "" "" "" "" "" "" "" "" "" "" "" "" "" "" "" "" "" "" "" "" "" "" "" "" "" "" "" "" "" "" "" "" "" "" "" "" "" "" "" "" "" "" "" "" "" "" "" "" "" "" "" "" "" "" "" "" "" "" "" "" "" "" "" "" "" "" "" "" "" "" "" "" "" "" "" "" "" "" "" "" "" "" "" "" "" "" "" "" "" "" "" "" "" "" "" "" "" "" "" "" "" "" "" "" "" "" "" "" "" "" "" "" "" "" "" "" "" "" "" "" "" "" "" "" "" "" "" "" "" "" "" "" "" "" "" "" "" "" "" "" "" "" "" "" "" "" "" "" "" "" "" "" "" "" "" "" "" "" "" "" "" "" "" "" "" "" "" "" "" "" "" "" "" "" "" "" "" "" "" "" "" "" "" "" "" "" "" "" "" "" "" "" "" "" "" "" "" "" "" "" "" "" "" "" "" "" "" "" "" "" "" "" "" "" "" "" "" "" "" "" "" "" "" "" "" "" "" "" "" "" "" "" "" "" "" "" "" "" "")
    (pressure-curve
        (curve-type smooth)
        (points 6 0 0 0.49406175771971494 0.54104477611940305 1 1)
        (point-types 3 smooth smooth smooth)
        (n-samples 256)
        (samples 256 0 0.0044809417992132785 0.0089618131132307745 0.013442543456856705 0.017923062344895282 0.022403299292150732 0.026883183813427258 0.031362645423529088 0.03584161363726044 0.040320017969425512 0.044797787934828547 0.049274853048273753 0.053751142824565348 0.058226586778507512 0.06270111442490453 0.067174655278560577 0.071647138854279882 0.076118494666866626 0.080588652231125074 0.085057541061859435 0.089525090673873889 0.093991230581972687 0.098455890300960025 0.10291899934564017 0.10738048723081731 0.1118402834712956 0.11629831758187932 0.12075451907737268 0.12520881747257992 0.12966114228230519 0.13411142302135276 0.13855958920452685 0.14300557034663169 0.14744929596247136 0.15189069556685028 0.15632969867457255 0.16076623480044239 0.16520023345926402 0.16963162416584174 0.17406033643497962 0.17848629978148203 0.18290944372015305 0.18732969776579697 0.19174699143321799 0.19616125423722031 0.2005724156926082 0.20498040531418588 0.20938515261675747 0.21378658711512732 0.21818463832409954 0.22257923575847832 0.22697030893306799 0.23135778736267271 0.2357416005620967 0.24012167804614423 0.24449794932961941 0.2488703439273266 0.25323879135406979 0.25760322112465339 0.26196356275388155 0.26631974575655859 0.2706716996474885 0.2750193539414757 0.27936263815332441 0.28370148179783877 0.28803581438982284 0.29236556544408104 0.2966906644754177 0.30101104099863679 0.30532662452854259 0.30963734457993947 0.31394313066763141 0.31824391230642279 0.32253961901111777 0.32683018029652056 0.33111552567743535 0.33539558466866648 0.33967028678501809 0.34393956154129435 0.3482033384522995 0.35246154703283783 0.35671411679771342 0.3609609772617306 0.36520205793969363 0.36943728834640649 0.37366659799667368 0.37788991640529934 0.38210717308708753 0.38631829755684266 0.39052321932936884 0.39472186791947039 0.3989141728419513 0.4031000636116161 0.40727946974326867 0.41145232075171356 0.41561854615175475 0.41977807545819651 0.4239308381858431 0.42807676384949872 0.43221578196396759 0.43634782204405398 0.44047281360456192 0.44459068616029584 0.4487013692260598 0.45280479231665816 0.45690088494689507 0.46098957663157475 0.46507079688550124 0.46914447522347924 0.47321054116031236 0.47726892421080525 0.48131955388976189 0.48536235971198671 0.48939727119228377 0.49342421784545731 0.49744312918631162 0.50145393472965083 0.50545656399027916 0.50945094648300082 0.51343701172262013 0.51741468922394118 0.5213839085017683 0.52534459907090547 0.52929669044615735 0.5332401121423278 0.53717479367422105 0.54104477611940305 0.54496212162841762 0.54887106465859792 0.55277167084700152 0.55666400583068665 0.56054813524671043 0.56442412473213111 0.56829203992400601 0.57215194645939282 0.57600390997534978 0.57984799610893401 0.58368427049720351 0.58751279877721629 0.59133364658602949 0.59514687956070134 0.59895256333828939 0.60275076355585133 0.60654154585044506 0.61032497585912782 0.61410111921895805 0.61787004156699277 0.62163180854029054 0.62538648577590827 0.62913413891090397 0.63287483358233554 0.63660863542726054 0.64033561008273676 0.644055823185822 0.64776934037357392 0.6514762272830501 0.65517654955130855 0.65887037281540684 0.66255776271240263 0.66623878487935384 0.66991350495331781 0.67358198857135287 0.6772443013705165 0.68090050898786614 0.68455067706045969 0.68819487122535494 0.6918331571196098 0.6954656003802816 0.69909226664442858 0.70271322154910765 0.70632853073137725 0.70993825982829495 0.71354247447691854 0.71714124031430548 0.72073462297751367 0.72432268810360101 0.72790550132962484 0.73148312829264328 0.73505563462971391 0.73862308597789417 0.7421855479742423 0.74574308625581565 0.74929576645967211 0.75284365422286958 0.75638681518246509 0.7599253149755173 0.76345921923908333 0.76698859361022087 0.77051350372598804 0.77403401522344228 0.77755019373964163 0.78106210491164352 0.78456981437650575 0.7880733877712861 0.79157289073304216 0.79506838889883191 0.79855994790571294 0.80204763339074281 0.80553151099097942 0.80901164634348066 0.81248810508530411 0.81596095285350723 0.81943025528514812 0.82289607801728459 0.82635848668697398 0.82981754693127407 0.83327332438724278 0.83672588469193798 0.84017529348241704 0.84362161639573796 0.84706491906895831 0.85050526713913577 0.85394272624332812 0.85737736201859316 0.86080924010198889 0.86423842613057245 0.86766498574140194 0.87108898457153505 0.87451048825802935 0.87792956243794285 0.88134627274833277 0.88476068482625747 0.88817286430877429 0.89158287683294113 0.89499078803581567 0.89839666355445558 0.90180056902591854 0.90520257008726257 0.90860273237554501 0.91200112152782387 0.91539780318115671 0.91879284297260133 0.92218630653921552 0.92557825951805694 0.92896876754618318 0.93235789626065224 0.93574571129852169 0.93913227829684931 0.9425176628926929 0.94590193072311002 0.94928514742515846 0.9526673786358959 0.95604868999238024 0.95942914713166905 0.96280881569082022 0.96618776130689121 0.96956604961694004 0.97294374625802427 0.97632091686720146 0.97969762708152985 0.98307394253806679 0.98644992887386995 0.98982565172599735 0.99320117673150654 0.99657656952745521 1)))
(GimpDeviceInfo "Wacom Intuos Pro M Pen stylus"
    (icon-name "gimp-tool-paintbrush")
    (name "Wacom Intuos Pro M Pen stylus")
    (tool-options "GimpPaintOptions"
        (tool "gimp-paintbrush-tool")
        (foreground (color-rgb 1 1 1))
        (background (color-rgb 0.058823529630899429 0.42745098471641541 0.47450980544090271))
        (brush "Звукова ручка")
        (dynamics "Без назви")
        (gradient "Нетипове")
        (palette "Standard")
        (brush-size 42)
        (brush-angle -27)
        (brush-spacing 0.040000000000000001)
        (brush-hardness 0.97999999999999998)
        (brush-force 0.65000000000000002)
        (use-smoothing yes)
        (smoothing-quality 35)
        (smoothing-factor 189.09999999999999))
    (use-fg-bg yes)
    (use-opacity-paint-mode no)
    (use-brush yes)
    (use-dynamics yes)
    (use-mypaint-brush no)
    (use-gradient yes)
    (use-pattern no)
    (use-palette yes)
    (use-font no)
    (mode screen)
    (axes 6 x y pressure xtilt ytilt wheel)
    (keys 248 "" "" "" "" "" "" "" "" "" "" "" "" "" "" "" "" "" "" "" "" "" "" "" "" "" "" "" "" "" "" "" "" "" "" "" "" "" "" "" "" "" "" "" "" "" "" "" "" "" "" "" "" "" "" "" "" "" "" "" "" "" "" "" "" "" "" "" "" "" "" "" "" "" "" "" "" "" "" "" "" "" "" "" "" "" "" "" "" "" "" "" "" "" "" "" "" "" "" "" "" "" "" "" "" "" "" "" "" "" "" "" "" "" "" "" "" "" "" "" "" "" "" "" "" "" "" "" "" "" "" "" "" "" "" "" "" "" "" "" "" "" "" "" "" "" "" "" "" "" "" "" "" "" "" "" "" "" "" "" "" "" "" "" "" "" "" "" "" "" "" "" "" "" "" "" "" "" "" "" "" "" "" "" "" "" "" "" "" "" "" "" "" "" "" "" "" "" "" "" "" "" "" "" "" "" "" "" "" "" "" "" "" "" "" "" "" "" "" "" "" "" "" "" "" "" "" "" "" "" "" "" "" "" "" "" "" "" "" "" "" "" "" "" "" "" "" "" "")
    (pressure-curve
        (curve-type smooth)
        (points 6 0 0 0.50118764845605701 0.57462686567164178 1 1)
        (point-types 3 smooth smooth smooth)
        (n-samples 256)
        (samples 256 0 0.0047834944562517587 0.0095668833699313442 0.014350061198466589 0.019132922399285327 0.023915361429815381 0.028697272747484574 0.033478550809720758 0.03825909007395175 0.043038784997605377 0.04781753003810945 0.052595219652891843 0.05737174829938034 0.062147010435002828 0.066920900517187062 0.071693313003360931 0.076464142350952238 0.081233283017388844 0.086000629460098524 0.090766076136509125 0.095529517504048519 0.10029084802014447 0.10504996214222488 0.10980675432771753 0.11456111903405024 0.11931295071865088 0.12406214383894727 0.12880859285236723 0.13355219221633857 0.13829283638828913 0.14303041982564677 0.14776483698583928 0.15249598232629452 0.15722375030444027 0.16194803537770447 0.16666873200351487 0.17138573463929921 0.17609893774248547 0.18080823577050148 0.18551352318077496 0.19021469443073377 0.1949116439778058 0.1996042662794188 0.2042924557930007 0.20897610697597929 0.21365511428578235 0.21832937217983769 0.22299877511557328 0.22766321755041677 0.23232259394179616 0.23697679874713914 0.24162572642387367 0.24626927142942751 0.25090732822122841 0.25553979125670434 0.26016655499328306 0.26478751388839239 0.26940256239946014 0.2740115949839142 0.27861450609918242 0.28321119020269253 0.2878015417518725 0.29238545520414994 0.29696282501695292 0.30153354564770918 0.30609751155384646 0.31065461719279275 0.3152047570219757 0.31974782549882325 0.3242837170807632 0.32881232622522349 0.33333354738963178 0.33784727503141598 0.34235340360800393 0.34685182757682342 0.3513424413953023 0.35582513952086842 0.36029981641094955 0.36476636652297367 0.36922468431436828 0.37367466424256152 0.3781162007649812 0.38254918833905505 0.38697352142221098 0.39138909447187664 0.39579580194548003 0.40019353830044901 0.40458219799421125 0.40896167548419471 0.41333186522782717 0.41769266168253649 0.42204395930575039 0.4263856525548968 0.43071763588740364 0.43503980376069851 0.43935205063220945 0.44365427095936405 0.44794635919959042 0.4522282098103162 0.45649971724896937 0.46076077597297765 0.46501128043976891 0.46925112510677086 0.47348020443141148 0.47769841287111858 0.48190564488331988 0.48610179492544336 0.49028675745491668 0.49446042692916786 0.49862269780562463 0.50277346454171479 0.50691262159486628 0.51104006342250674 0.51515568448206417 0.51925937923096621 0.52335104212664096 0.52743056762651619 0.53149785018801954 0.535552784268579 0.53959526432562244 0.54362518481657751 0.54764244019887209 0.55164692492993406 0.55563853346719139 0.5596171602680714 0.56358269979000264 0.56753504649041242 0.57147409482672884 0.57462686567164178 0.57854164343667425 0.58244291084854583 0.58633077496477126 0.59020534284286463 0.59406672154034024 0.59791501811471248 0.601750339623496 0.60557279312420464 0.60938248567435327 0.61317952433145606 0.61696401615302721 0.62073606819658156 0.62449578751963286 0.62824328117969586 0.63197865623428484 0.63570201974091423 0.63941347875709809 0.64311314034035127 0.64680111154818765 0.65047749943812205 0.65414241106766868 0.65779595349434161 0.66143823377565558 0.66506935896912467 0.66868943613226384 0.67229857232258639 0.67589687459760772 0.67948445001484137 0.6830614056318024 0.68662784850600478 0.69018388569496303 0.69372962425619167 0.69726517124720455 0.70079063372551631 0.70430611874864157 0.70781173337409431 0.71130758465938893 0.71479377966204005 0.7182704254395621 0.72173762904946892 0.72519549754927526 0.72864413799649563 0.73208365744864412 0.73551416296323502 0.73893576159778285 0.74234856040980224 0.74575266645680705 0.74914818679631168 0.75253522848583099 0.75591389858287905 0.75928430414497006 0.7626465522296183 0.76600074989433897 0.76934700419664548 0.77268542219405245 0.77601611094407463 0.77933917750422621 0.78265472893202137 0.78596287228497408 0.78926371462059941 0.79255736299641188 0.79584392446992525 0.79912350609865379 0.80239621494011248 0.80566215805181551 0.80892144249127684 0.81217417531601122 0.81542046358353293 0.81866041435135628 0.82189413467699568 0.82512173161796543 0.82834331223178004 0.8315589835759537 0.83476885270800083 0.83797302668543583 0.84117161256577311 0.84436471740652697 0.84755244826521181 0.85073491219934194 0.85391221626643155 0.85708446752399547 0.86025177302954781 0.86341423984060284 0.86657197501467498 0.86972508560927864 0.87287367868192822 0.87601786129013792 0.87915774049142237 0.88229342334329552 0.88542501690327224 0.88855262822886671 0.89167636437759312 0.89479633240696599 0.89791263937449961 0.9010253923377084 0.90413469835410676 0.90724066448120899 0.91034339777652939 0.91344300529758238 0.91653959410188246 0.91963327124694383 0.92272414379028089 0.92581231878940806 0.92889790330183963 0.93198100438509002 0.9350617290966734 0.93814018449410452 0.94121647763489757 0.94429071557656674 0.94736300537662654 0.95043345409259139 0.95350216878197558 0.95656925650229341 0.95963482431105951 0.96269897926578796 0.96576182842399327 0.96882347884318953 0.97188403758089148 0.97494361169461341 0.97800230824186951 0.9810602342801743 0.98411749686704209 0.98717420305998715 0.99023045991652403 0.9932863744941669 0.99634205385043029 1)))

# end of devicerc
